 [antenna_current.dat]

     i     Im[i].re     Im[i].im      |Im[i]|   PhaseIm[i] 
     1   0.00237531  -0.00493440   0.00547635       -64.29
     2   0.00175644  -0.00521181   0.00549983       -71.38
     3   0.00109262  -0.00541917   0.00552822       -78.60
     4   0.00039007  -0.00555494   0.00556862       -85.98
     5  -0.00033014  -0.00560905   0.00561875       -93.37
     6  -0.00105318  -0.00557735   0.00567592      -100.69
     7  -0.00176481  -0.00545767   0.00573591      -107.92
     8  -0.00245174  -0.00524999   0.00579426      -115.03
     9  -0.00310142  -0.00495620   0.00584660      -122.04
    10  -0.00370201  -0.00457993   0.00588903      -128.95
    11  -0.00424257  -0.00412656   0.00591844      -135.79
    12  -0.00471318  -0.00360306   0.00593263      -142.60
    13  -0.00510512  -0.00301791   0.00593044      -149.41
    14  -0.00541110  -0.00238094   0.00591176      -156.25
    15  -0.00562534  -0.00170313   0.00587751      -163.16
    16  -0.00574377  -0.00099644   0.00582957      -170.16
    17  -0.00576411  -0.00027350   0.00577060      -177.28
    18  -0.00568594   0.00045264   0.00570393      -184.55
    19  -0.00551069   0.00116881   0.00563328      -191.97
    20  -0.00524167   0.00186203   0.00556257      -199.56
    21  -0.00488394   0.00251979   0.00549565      -207.29
    22  -0.00444424   0.00313035   0.00543602      -215.16
    23  -0.00393080   0.00368301   0.00538663      -223.14
    24  -0.00335315   0.00416834   0.00534964      -231.19
    25  -0.00272194   0.00457834   0.00532637      -239.27
    26  -0.00204863   0.00490664   0.00531715      -247.34
    27  -0.00134529   0.00514856   0.00532142      -255.36
    28  -0.00062432   0.00530117   0.00533781      -263.28
    29   0.00010182   0.00536330   0.00536426      -271.09
    30   0.00082081   0.00533548   0.00539825      -278.75
    31   0.00152076   0.00521990   0.00543692      -286.24
    32   0.00219039   0.00502026   0.00547730      -293.57
    33   0.00281918   0.00474167   0.00551645      -300.73
    34   0.00339758   0.00439053   0.00555161      -307.73
    35   0.00391713   0.00397444   0.00558033      -314.58
    36   0.00437052   0.00350215   0.00560058      -321.29
    37   0.00475178   0.00298365   0.00561084      -327.88
    38   0.00505631   0.00243075   0.00561024      -334.32
    39   0.00528098   0.00185699   0.00559796      -340.63
    40   0.00542490   0.00128433   0.00557486      -346.68
    41   0.00548688   0.00072149   0.00553411      -352.51
    42   0.00633756  -0.00074856   0.00638161      -366.74
    43   0.00624684  -0.00114428   0.00635078       -10.38
    44   0.00604828  -0.00167284   0.00627536       -15.46
    45   0.00576321  -0.00218852   0.00616475       -20.79
    46   0.00540352  -0.00267917   0.00603125       -26.37
    47   0.00496967  -0.00312959   0.00587298       -32.20
    48   0.00458957  -0.00344546   0.00573893       -36.90
    49   0.00177209   0.00123132   0.00215788        34.79
    50   0.00148417   0.00103281   0.00180817        34.83
    51   0.00096026   0.00067088   0.00117141        34.94
    52   0.00150240  -0.00503973   0.00525891       -73.40
    53   0.00096787  -0.00534903   0.00543589       -79.74
    54   0.00040634  -0.00557715   0.00559193       -85.83
    55  -0.00017625  -0.00572321   0.00572592       -91.76
    56  -0.00076129  -0.00577707   0.00582701       -97.51
    57  -0.00133650  -0.00573574   0.00588939      -103.12
    58  -0.00189041  -0.00559844   0.00590899      -108.66
    59  -0.00241269  -0.00536673   0.00588412      -114.21
    60  -0.00289390  -0.00504409   0.00581528      -119.84
    61  -0.00332549  -0.00463574   0.00570517      -125.65
    62  -0.00369991  -0.00414845   0.00555868      -131.73
    63  -0.00401063  -0.00359039   0.00538295      -138.16
    64  -0.00425228  -0.00297099   0.00518736      -145.06
    65  -0.00442067  -0.00230073   0.00498354      -152.51
    66  -0.00451291  -0.00159096   0.00478513      -160.58
    67  -0.00452741  -0.00085371   0.00460720      -169.32
    68  -0.00446391  -0.00010146   0.00446506      -178.70
    69  -0.00432349   0.00065304   0.00437254      -188.59
    70  -0.00410854   0.00139702   0.00433956      -198.78
    71  -0.00382272   0.00211787   0.00437019      -208.99
    72  -0.00347087   0.00280339   0.00446161      -218.93
    73  -0.00305898   0.00344200   0.00460485      -228.37
    74  -0.00259403   0.00402288   0.00478670      -237.19
    75  -0.00208390   0.00453622   0.00499199      -245.33
    76  -0.00153725   0.00497333   0.00520549      -252.82
    77  -0.00096330   0.00532683   0.00541323      -259.75
    78  -0.00037178   0.00559073   0.00560308      -266.20
    79   0.00022734   0.00576057   0.00576505      -272.26
    80   0.00082394   0.00583346   0.00589136      -278.04
    81   0.00140797   0.00580815   0.00597637      -283.63
    82   0.00196960   0.00568504   0.00601656      -289.11
    83   0.00249938   0.00546616   0.00601048      -294.57
    84   0.00298843   0.00515518   0.00595874      -300.10
    85   0.00342853   0.00475727   0.00586399      -305.78
    86   0.00381233   0.00427909   0.00573101      -311.70
    87   0.00413342   0.00372863   0.00556667      -317.95
    88   0.00438646   0.00311507   0.00538003      -324.62
    89   0.00456725   0.00244868   0.00518226      -331.80
    90   0.00467282   0.00174056   0.00498647      -339.57
    91   0.00470147   0.00100255   0.00480718      -347.96
    92   0.00465279   0.00024694   0.00465934      -356.96
    93   0.00452765  -0.00051368   0.00455670      -366.47
    94   0.00432824  -0.00126664   0.00450977      -376.31
    95   0.00405795  -0.00199941   0.00452378      -386.23
    96   0.00372138  -0.00269983   0.00459758      -395.96
    97   0.00332421  -0.00335626   0.00472386      -405.27
    98   0.00287316  -0.00395782   0.00489075      -414.02
    99   0.00237579  -0.00449458   0.00508386      -422.14
   100   0.00184046  -0.00495766   0.00528826      -429.63
   101   0.00127613  -0.00533945   0.00548982      -436.56
   102   0.00069221  -0.00563369   0.00567606      -443.00
   103   0.00009846  -0.00583561   0.00583644      -449.03
   104  -0.00049527  -0.00594196   0.00596256      -454.76
   105  -0.00107913  -0.00595109   0.00604814      -460.28
   106  -0.00164345  -0.00586301   0.00608899      -465.66
   107  -0.00217893  -0.00567929   0.00608294      -470.99
   108  -0.00267677  -0.00540315   0.00602985      -476.35
   109  -0.00312883  -0.00503931   0.00593163      -481.84
   110  -0.00352776  -0.00459395   0.00579219      -487.52
   111  -0.00386712  -0.00407460   0.00561756      -493.50
   112  -0.00414147  -0.00349002   0.00541590      -499.88
   113  -0.00434650  -0.00285001   0.00519756      -506.75
   114  -0.00447906  -0.00216532   0.00497500      -514.20
   115  -0.00453724  -0.00144739   0.00476250      -522.31
   116  -0.00452036  -0.00070819   0.00457549      -531.10
   117  -0.00442901   0.00003998   0.00442919      -540.52
   118  -0.00426504   0.00078467   0.00433663      -550.42
   119  -0.00403151   0.00151357   0.00430627      -560.58
   120  -0.00373260   0.00221463   0.00434015      -570.68
   121  -0.00337363   0.00287630   0.00443334      -580.45
   122  -0.00296088   0.00348774   0.00457505      -589.67
   123  -0.00250149   0.00403896   0.00475086      -598.23
   124  -0.00200341   0.00452103   0.00494503      -606.10
   125  -0.00147516   0.00492621   0.00514234      -613.33
   126  -0.00092578   0.00524808   0.00532911      -620.00
   127  -0.00036459   0.00548166   0.00549377      -626.19
   128   0.00019891   0.00562349   0.00562700      -632.03
   129   0.00075520   0.00567170   0.00572176      -637.58
   130   0.00129496   0.00562607   0.00577318      -642.96
   131   0.00180916   0.00548803   0.00577854      -648.25
   132   0.00228925   0.00526070   0.00573722      -653.52
   133   0.00272733   0.00494886   0.00565062      -658.86
   134   0.00311622   0.00455897   0.00552223      -664.35
   135   0.00344966   0.00409922   0.00535759      -670.08
   136   0.00372240   0.00357954   0.00516424        43.88
   137   0.00393034   0.00301198   0.00495173        37.46
   138   0.00407058   0.00241019   0.00473060        30.63
   139   0.00414230   0.00179485   0.00451444        23.43
   140   0.00414382   0.00117301   0.00430664        15.81
   141   0.00409369   0.00067890   0.00414960         9.42
   142   0.00473602  -0.00111294   0.00486503       -13.22
   143   0.00451526  -0.00171991   0.00483174       -20.85
   144   0.00422266  -0.00230926   0.00481285       -28.67
   145   0.00387092  -0.00286759   0.00481737       -36.53
   146   0.00346355  -0.00337904   0.00483881       -44.29
   147   0.00312372  -0.00373126   0.00486620       -50.06
   148   0.00123889   0.00102438   0.00160755        39.59
   149   0.00088741   0.00072008   0.00114281        39.06
   150  -0.00085392   0.00106297   0.00136349       128.78
   151  -0.00088235   0.00079740   0.00118928       137.90
   152  -0.00093051   0.00029147   0.00097510       162.61
   153  -0.00097015  -0.00022165   0.00099515       192.87
   154   0.00093310   0.00031264   0.00098408        18.52
   155   0.00090683  -0.00003832   0.00090764        -2.42
   156   0.00086164  -0.00054691   0.00102055       -32.40
   157   0.00080167  -0.00105095   0.00132181       -52.66
   158   0.00076724  -0.00130250   0.00151167       -59.50
   159  -0.00237531   0.00493440   0.00547635       115.71
   160  -0.00175644   0.00521181   0.00549983       108.62
   161  -0.00109262   0.00541917   0.00552822       101.40
   162  -0.00039007   0.00555494   0.00556862        94.02
   163   0.00033014   0.00560905   0.00561875        86.63
   164   0.00105318   0.00557735   0.00567592        79.31
   165   0.00176481   0.00545767   0.00573591        72.08
   166   0.00245174   0.00524999   0.00579426        64.97
   167   0.00310142   0.00495620   0.00584660        57.96
   168   0.00370201   0.00457993   0.00588903        51.05
   169   0.00424257   0.00412656   0.00591844        44.21
   170   0.00471318   0.00360306   0.00593263        37.40
   171   0.00510512   0.00301791   0.00593044        30.59
   172   0.00541110   0.00238094   0.00591176        23.75
   173   0.00562534   0.00170313   0.00587751        16.84
   174   0.00574377   0.00099644   0.00582957         9.84
   175   0.00576411   0.00027350   0.00577060         2.72
   176   0.00568594  -0.00045264   0.00570393        -4.55
   177   0.00551069  -0.00116881   0.00563328       -11.97
   178   0.00524167  -0.00186203   0.00556257       -19.56
   179   0.00488394  -0.00251979   0.00549565       -27.29
   180   0.00444424  -0.00313035   0.00543602       -35.16
   181   0.00393080  -0.00368301   0.00538663       -43.14
   182   0.00335315  -0.00416834   0.00534964       -51.19
   183   0.00272194  -0.00457834   0.00532637       -59.27
   184   0.00204863  -0.00490664   0.00531715       -67.34
   185   0.00134529  -0.00514856   0.00532142       -75.36
   186   0.00062432  -0.00530117   0.00533781       -83.28
   187  -0.00010182  -0.00536330   0.00536426       -91.09
   188  -0.00082081  -0.00533548   0.00539825       -98.75
   189  -0.00152076  -0.00521990   0.00543692      -106.24
   190  -0.00219039  -0.00502026   0.00547730      -113.57
   191  -0.00281918  -0.00474167   0.00551645      -120.73
   192  -0.00339758  -0.00439053   0.00555161      -127.73
   193  -0.00391713  -0.00397444   0.00558033      -134.58
   194  -0.00437052  -0.00350215   0.00560058      -141.29
   195  -0.00475178  -0.00298365   0.00561084      -147.88
   196  -0.00505631  -0.00243075   0.00561024      -154.32
   197  -0.00528098  -0.00185699   0.00559796      -160.63
   198  -0.00542490  -0.00128433   0.00557486      -166.68
   199  -0.00548688  -0.00072149   0.00553411      -172.51
   200  -0.00633756   0.00074856   0.00638161      -186.74
   201  -0.00624684   0.00114428   0.00635078       169.62
   202  -0.00604828   0.00167284   0.00627536       164.54
   203  -0.00576321   0.00218852   0.00616475       159.21
   204  -0.00540352   0.00267917   0.00603125       153.63
   205  -0.00496967   0.00312959   0.00587298       147.80
   206  -0.00458957   0.00344546   0.00573893       143.10
   207  -0.00177209  -0.00123132   0.00215788      -145.21
   208  -0.00148417  -0.00103281   0.00180817      -145.17
   209  -0.00096026  -0.00067088   0.00117141      -145.06
   210  -0.00150240   0.00503973   0.00525891       106.60
   211  -0.00096787   0.00534903   0.00543589       100.26
   212  -0.00040634   0.00557715   0.00559193        94.17
   213   0.00017625   0.00572321   0.00572592        88.24
   214   0.00076129   0.00577707   0.00582701        82.49
   215   0.00133650   0.00573574   0.00588939        76.88
   216   0.00189041   0.00559844   0.00590899        71.34
   217   0.00241269   0.00536673   0.00588412        65.79
   218   0.00289390   0.00504409   0.00581528        60.16
   219   0.00332549   0.00463574   0.00570517        54.35
   220   0.00369991   0.00414845   0.00555868        48.27
   221   0.00401063   0.00359039   0.00538295        41.84
   222   0.00425228   0.00297099   0.00518736        34.94
   223   0.00442067   0.00230073   0.00498354        27.49
   224   0.00451291   0.00159096   0.00478513        19.42
   225   0.00452741   0.00085371   0.00460720        10.68
   226   0.00446391   0.00010146   0.00446506         1.30
   227   0.00432349  -0.00065304   0.00437254        -8.59
   228   0.00410854  -0.00139702   0.00433956       -18.78
   229   0.00382272  -0.00211787   0.00437019       -28.99
   230   0.00347087  -0.00280339   0.00446161       -38.93
   231   0.00305898  -0.00344200   0.00460485       -48.37
   232   0.00259403  -0.00402288   0.00478670       -57.19
   233   0.00208390  -0.00453622   0.00499199       -65.33
   234   0.00153725  -0.00497333   0.00520549       -72.82
   235   0.00096330  -0.00532683   0.00541323       -79.75
   236   0.00037178  -0.00559073   0.00560308       -86.20
   237  -0.00022734  -0.00576057   0.00576505       -92.26
   238  -0.00082394  -0.00583346   0.00589136       -98.04
   239  -0.00140797  -0.00580815   0.00597637      -103.63
   240  -0.00196960  -0.00568504   0.00601656      -109.11
   241  -0.00249938  -0.00546616   0.00601048      -114.57
   242  -0.00298843  -0.00515518   0.00595874      -120.10
   243  -0.00342853  -0.00475727   0.00586399      -125.78
   244  -0.00381233  -0.00427909   0.00573101      -131.70
   245  -0.00413342  -0.00372863   0.00556667      -137.95
   246  -0.00438646  -0.00311507   0.00538003      -144.62
   247  -0.00456725  -0.00244868   0.00518226      -151.80
   248  -0.00467282  -0.00174056   0.00498647      -159.57
   249  -0.00470147  -0.00100255   0.00480718      -167.96
   250  -0.00465279  -0.00024694   0.00465934      -176.96
   251  -0.00452765   0.00051368   0.00455670      -186.47
   252  -0.00432824   0.00126664   0.00450977      -196.31
   253  -0.00405795   0.00199941   0.00452378      -206.23
   254  -0.00372138   0.00269983   0.00459758      -215.96
   255  -0.00332421   0.00335626   0.00472386      -225.27
   256  -0.00287316   0.00395782   0.00489075      -234.02
   257  -0.00237579   0.00449458   0.00508386      -242.14
   258  -0.00184046   0.00495766   0.00528826      -249.63
   259  -0.00127613   0.00533945   0.00548982      -256.56
   260  -0.00069221   0.00563369   0.00567606      -263.00
   261  -0.00009846   0.00583561   0.00583644      -269.03
   262   0.00049527   0.00594196   0.00596256      -274.76
   263   0.00107913   0.00595109   0.00604814      -280.28
   264   0.00164345   0.00586301   0.00608899      -285.66
   265   0.00217893   0.00567929   0.00608294      -290.99
   266   0.00267677   0.00540315   0.00602985      -296.35
   267   0.00312883   0.00503931   0.00593163      -301.84
   268   0.00352776   0.00459395   0.00579219      -307.52
   269   0.00386712   0.00407460   0.00561756      -313.50
   270   0.00414147   0.00349002   0.00541590      -319.88
   271   0.00434650   0.00285001   0.00519756      -326.75
   272   0.00447906   0.00216532   0.00497500      -334.20
   273   0.00453724   0.00144739   0.00476250      -342.31
   274   0.00452036   0.00070819   0.00457549      -351.10
   275   0.00442901  -0.00003998   0.00442919      -360.52
   276   0.00426504  -0.00078467   0.00433663      -370.42
   277   0.00403151  -0.00151357   0.00430627      -380.58
   278   0.00373260  -0.00221463   0.00434015      -390.68
   279   0.00337363  -0.00287630   0.00443334      -400.45
   280   0.00296088  -0.00348774   0.00457505      -409.67
   281   0.00250149  -0.00403896   0.00475086      -418.23
   282   0.00200341  -0.00452103   0.00494503      -426.10
   283   0.00147516  -0.00492621   0.00514234      -433.33
   284   0.00092578  -0.00524808   0.00532911      -440.00
   285   0.00036459  -0.00548166   0.00549377      -446.19
   286  -0.00019891  -0.00562349   0.00562700      -452.03
   287  -0.00075520  -0.00567170   0.00572176      -457.58
   288  -0.00129496  -0.00562607   0.00577318      -462.96
   289  -0.00180916  -0.00548803   0.00577854      -468.25
   290  -0.00228925  -0.00526070   0.00573722      -473.52
   291  -0.00272733  -0.00494886   0.00565062      -478.86
   292  -0.00311622  -0.00455897   0.00552223      -484.35
   293  -0.00344966  -0.00409922   0.00535759      -490.08
   294  -0.00372240  -0.00357954   0.00516424      -136.12
   295  -0.00393034  -0.00301198   0.00495173      -142.54
   296  -0.00407058  -0.00241019   0.00473060      -149.37
   297  -0.00414230  -0.00179485   0.00451444      -156.57
   298  -0.00414382  -0.00117301   0.00430664      -164.19
   299  -0.00409369  -0.00067890   0.00414960      -170.58
   300  -0.00473602   0.00111294   0.00486503      -193.22
   301  -0.00451526   0.00171991   0.00483174      -200.85
   302  -0.00422266   0.00230926   0.00481285      -208.67
   303  -0.00387092   0.00286759   0.00481737      -216.53
   304  -0.00346355   0.00337904   0.00483881      -224.29
   305  -0.00312372   0.00373126   0.00486620      -230.06
   306  -0.00123889  -0.00102438   0.00160755      -140.41
   307  -0.00088741  -0.00072008   0.00114281      -140.94
   308   0.00085392  -0.00106297   0.00136349       -51.22
   309   0.00088235  -0.00079740   0.00118928       -42.10
   310   0.00093051  -0.00029147   0.00097510       -17.39
   311   0.00097015   0.00022165   0.00099515        12.87
   312  -0.00093310  -0.00031264   0.00098408      -161.48
   313  -0.00090683   0.00003832   0.00090764      -182.42
   314  -0.00086164   0.00054691   0.00102055      -212.40
   315  -0.00080167   0.00105095   0.00132181      -232.66
   316  -0.00076724   0.00130250   0.00151167      -239.50
   317   0.00192764   0.00088681   0.00212184        24.70
   318   0.00193436   0.00123286   0.00229384        32.51
   319   0.00194227   0.00172269   0.00259617        41.57
   320   0.00194406   0.00404884   0.00449138        64.35
   321   0.00194227   0.00172269   0.00259617        41.57
   322   0.00193436   0.00123286   0.00229384        32.51
   323   0.00192764   0.00088681   0.00212184        24.70



