 [antenna_conf.dat]

      NSEG      NWIR      NFED     NLOAD           FREQ0          RAMDA0            USEF
       338        15         1         0      1000000000      0.29979246      1000000000

Segment
   NO.           SX           SY           SZ             RX             RY             RZ           SEGL             RA     RAD_MODE
     0   -0.7518398    0.6593458    0.0000000       0.110964       0.110964       0.062500       0.020527       0.005000            1
     1   -0.8314696    0.5555702    0.0000000       0.095531       0.124498       0.062500       0.020527       0.005000            1
     2   -0.8968727    0.4422887    0.0000000       0.078463       0.135903       0.062500       0.020527       0.005000            1
     3   -0.9469301    0.3214395    0.0000000       0.060053       0.144981       0.062500       0.020527       0.005000            1
     4   -0.9807853    0.1950903    0.0000000       0.040616       0.151580       0.062500       0.020527       0.005000            1
     5   -0.9978589    0.0654031    0.0000000       0.020483       0.155584       0.062500       0.020527       0.005000            1
     6   -0.9978589   -0.0654031    0.0000000       0.000000       0.156927       0.062500       0.020527       0.005000            1
     7   -0.9807853   -0.1950903    0.0000000      -0.020483       0.155584       0.062500       0.020527       0.005000            1
     8   -0.9469301   -0.3214395    0.0000000      -0.040616       0.151580       0.062500       0.020527       0.005000            1
     9   -0.8968727   -0.4422887    0.0000000      -0.060053       0.144981       0.062500       0.020527       0.005000            1
    10   -0.8314696   -0.5555702    0.0000000      -0.078463       0.135903       0.062500       0.020527       0.005000            1
    11   -0.7518398   -0.6593458    0.0000000      -0.095531       0.124498       0.062500       0.020527       0.005000            1
    12   -0.6593458   -0.7518398    0.0000000      -0.110964       0.110964       0.062500       0.020527       0.005000            1
    13   -0.5555702   -0.8314696    0.0000000      -0.124498       0.095531       0.062500       0.020527       0.005000            1
    14   -0.4422887   -0.8968727    0.0000000      -0.135903       0.078463       0.062500       0.020527       0.005000            1
    15   -0.3214395   -0.9469301    0.0000000      -0.144981       0.060053       0.062500       0.020527       0.005000            1
    16   -0.1950903   -0.9807853    0.0000000      -0.151580       0.040616       0.062500       0.020527       0.005000            1
    17   -0.0654031   -0.9978589    0.0000000      -0.155584       0.020483       0.062500       0.020527       0.005000            1
    18    0.0654031   -0.9978589    0.0000000      -0.156927       0.000000       0.062500       0.020527       0.005000            1
    19    0.1950903   -0.9807853    0.0000000      -0.155584      -0.020483       0.062500       0.020527       0.005000            1
    20    0.3214395   -0.9469301    0.0000000      -0.151580      -0.040616       0.062500       0.020527       0.005000            1
    21    0.4422887   -0.8968727    0.0000000      -0.144981      -0.060053       0.062500       0.020527       0.005000            1
    22    0.5555702   -0.8314696    0.0000000      -0.135903      -0.078463       0.062500       0.020527       0.005000            1
    23    0.6593458   -0.7518398    0.0000000      -0.124498      -0.095531       0.062500       0.020527       0.005000            1
    24    0.7518398   -0.6593458    0.0000000      -0.110964      -0.110964       0.062500       0.020527       0.005000            1
    25    0.8314696   -0.5555702    0.0000000      -0.095531      -0.124498       0.062500       0.020527       0.005000            1
    26    0.8968727   -0.4422887    0.0000000      -0.078463      -0.135903       0.062500       0.020527       0.005000            1
    27    0.9469301   -0.3214395    0.0000000      -0.060053      -0.144981       0.062500       0.020527       0.005000            1
    28    0.9807853   -0.1950903    0.0000000      -0.040616      -0.151580       0.062500       0.020527       0.005000            1
    29    0.9978589   -0.0654031    0.0000000      -0.020483      -0.155584       0.062500       0.020527       0.005000            1
    30    0.9978589    0.0654031    0.0000000      -0.000000      -0.156927       0.062500       0.020527       0.005000            1
    31    0.9807853    0.1950903    0.0000000       0.020483      -0.155584       0.062500       0.020527       0.005000            1
    32    0.9469301    0.3214395    0.0000000       0.040616      -0.151580       0.062500       0.020527       0.005000            1
    33    0.8968727    0.4422887    0.0000000       0.060053      -0.144981       0.062500       0.020527       0.005000            1
    34    0.8314696    0.5555702    0.0000000       0.078463      -0.135903       0.062500       0.020527       0.005000            1
    35    0.7518398    0.6593458    0.0000000       0.095531      -0.124498       0.062500       0.020527       0.005000            1
    36    0.6593458    0.7518398    0.0000000       0.110964      -0.110964       0.062500       0.020527       0.005000            1
    37    0.5555702    0.8314696    0.0000000       0.124498      -0.095531       0.062500       0.020527       0.005000            1
    38    0.4422887    0.8968727    0.0000000       0.135903      -0.078463       0.062500       0.020527       0.005000            1
    39    0.3214395    0.9469301    0.0000000       0.144981      -0.060053       0.062500       0.020527       0.005000            1
    40    0.1950903    0.9807853    0.0000000       0.151580      -0.040616       0.062500       0.020527       0.005000            1
    41    0.0654031    0.9978589    0.0000000       0.155584      -0.020483       0.062500       0.020527       0.005000            1
    42   -0.0654031    0.9978589    0.0000000       0.156927      -0.000000       0.062500       0.020527       0.005000            1
    43   -0.0654031    0.9978589    0.0000000       0.156927       0.000000       0.062500       0.020527       0.005000            1
    44   -0.1950903    0.9807853    0.0000000       0.155584       0.020483       0.062500       0.020527       0.005000            1
    45   -0.3214395    0.9469301    0.0000000       0.151580       0.040616       0.062500       0.020527       0.005000            1
    46   -0.4422887    0.8968727    0.0000000       0.144981       0.060053       0.062500       0.020527       0.005000            1
    47   -0.5555702    0.8314696    0.0000000       0.135903       0.078463       0.062500       0.020527       0.005000            1
    48   -0.6593458    0.7518398    0.0000000       0.124498       0.095531       0.062500       0.020527       0.005000            1
    49   -0.7518398    0.6593458    0.0000000       0.110964       0.110964       0.062500       0.020527       0.005000            1
    50    0.7518398   -0.6593458    0.0000000       0.095531       0.124498       0.062500       0.020527       0.005000            1
    51   -0.7071068   -0.7071068    0.0000000       0.110964       0.110964       0.062500       0.022000       0.005000            1
    52   -0.7071068   -0.7071068    0.0000000       0.095408       0.095408       0.062500       0.022000       0.005000            1
    53   -0.7071068   -0.7071068    0.0000000       0.079851       0.079851       0.062500       0.022000       0.005000            1
    54   -0.4127070    0.9108638    0.0000000       0.291727       0.120837       0.062500       0.020663       0.005000            1
    55   -0.4713967    0.8819213    0.0000000       0.283200       0.139659       0.062500       0.020663       0.005000            1
    56   -0.5280679    0.8492022    0.0000000       0.273459       0.157882       0.062500       0.020663       0.005000            1
    57   -0.5824777    0.8128467    0.0000000       0.262548       0.175429       0.062500       0.020663       0.005000            1
    58   -0.6343933    0.7730105    0.0000000       0.250512       0.192225       0.062500       0.020663       0.005000            1
    59   -0.6835923    0.7298641    0.0000000       0.237403       0.208197       0.062500       0.020663       0.005000            1
    60   -0.7298641    0.6835923    0.0000000       0.223278       0.223278       0.062500       0.020663       0.005000            1
    61   -0.7730105    0.6343933    0.0000000       0.208197       0.237403       0.062500       0.020663       0.005000            1
    62   -0.8128467    0.5824777    0.0000000       0.192225       0.250512       0.062500       0.020663       0.005000            1
    63   -0.8492022    0.5280679    0.0000000       0.175429       0.262548       0.062500       0.020663       0.005000            1
    64   -0.8819213    0.4713967    0.0000000       0.157882       0.273459       0.062500       0.020663       0.005000            1
    65   -0.9108638    0.4127070    0.0000000       0.139659       0.283200       0.062500       0.020663       0.005000            1
    66   -0.9359059    0.3522500    0.0000000       0.120837       0.291727       0.062500       0.020663       0.005000            1
    67   -0.9569403    0.2902847    0.0000000       0.101499       0.299006       0.062500       0.020663       0.005000            1
    68   -0.9738770    0.2270763    0.0000000       0.081726       0.305004       0.062500       0.020663       0.005000            1
    69   -0.9866433    0.1628955    0.0000000       0.061602       0.309696       0.062500       0.020663       0.005000            1
    70   -0.9951847    0.0980171    0.0000000       0.041215       0.313062       0.062500       0.020663       0.005000            1
    71   -0.9994646    0.0327191    0.0000000       0.020652       0.315087       0.062500       0.020663       0.005000            1
    72   -0.9994646   -0.0327191    0.0000000       0.000000       0.315763       0.062500       0.020663       0.005000            1
    73   -0.9951847   -0.0980171    0.0000000      -0.020652       0.315087       0.062500       0.020663       0.005000            1
    74   -0.9866433   -0.1628955    0.0000000      -0.041215       0.313062       0.062500       0.020663       0.005000            1
    75   -0.9738770   -0.2270763    0.0000000      -0.061602       0.309696       0.062500       0.020663       0.005000            1
    76   -0.9569403   -0.2902847    0.0000000      -0.081726       0.305004       0.062500       0.020663       0.005000            1
    77   -0.9359059   -0.3522500    0.0000000      -0.101499       0.299006       0.062500       0.020663       0.005000            1
    78   -0.9108638   -0.4127070    0.0000000      -0.120837       0.291727       0.062500       0.020663       0.005000            1
    79   -0.8819213   -0.4713967    0.0000000      -0.139659       0.283200       0.062500       0.020663       0.005000            1
    80   -0.8492022   -0.5280679    0.0000000      -0.157882       0.273459       0.062500       0.020663       0.005000            1
    81   -0.8128467   -0.5824777    0.0000000      -0.175429       0.262548       0.062500       0.020663       0.005000            1
    82   -0.7730105   -0.6343933    0.0000000      -0.192225       0.250512       0.062500       0.020663       0.005000            1
    83   -0.7298641   -0.6835923    0.0000000      -0.208197       0.237403       0.062500       0.020663       0.005000            1
    84   -0.6835923   -0.7298641    0.0000000      -0.223278       0.223278       0.062500       0.020663       0.005000            1
    85   -0.6343933   -0.7730105    0.0000000      -0.237403       0.208197       0.062500       0.020663       0.005000            1
    86   -0.5824777   -0.8128467    0.0000000      -0.250512       0.192225       0.062500       0.020663       0.005000            1
    87   -0.5280679   -0.8492022    0.0000000      -0.262548       0.175429       0.062500       0.020663       0.005000            1
    88   -0.4713967   -0.8819213    0.0000000      -0.273459       0.157882       0.062500       0.020663       0.005000            1
    89   -0.4127070   -0.9108638    0.0000000      -0.283200       0.139659       0.062500       0.020663       0.005000            1
    90   -0.3522500   -0.9359059    0.0000000      -0.291727       0.120837       0.062500       0.020663       0.005000            1
    91   -0.2902847   -0.9569403    0.0000000      -0.299006       0.101499       0.062500       0.020663       0.005000            1
    92   -0.2270763   -0.9738770    0.0000000      -0.305004       0.081726       0.062500       0.020663       0.005000            1
    93   -0.1628955   -0.9866433    0.0000000      -0.309696       0.061602       0.062500       0.020663       0.005000            1
    94   -0.0980171   -0.9951847    0.0000000      -0.313062       0.041215       0.062500       0.020663       0.005000            1
    95   -0.0327191   -0.9994646    0.0000000      -0.315087       0.020652       0.062500       0.020663       0.005000            1
    96    0.0327191   -0.9994646    0.0000000      -0.315763       0.000000       0.062500       0.020663       0.005000            1
    97    0.0980171   -0.9951847    0.0000000      -0.315087      -0.020652       0.062500       0.020663       0.005000            1
    98    0.1628955   -0.9866433    0.0000000      -0.313062      -0.041215       0.062500       0.020663       0.005000            1
    99    0.2270763   -0.9738770    0.0000000      -0.309696      -0.061602       0.062500       0.020663       0.005000            1
   100    0.2902847   -0.9569403    0.0000000      -0.305004      -0.081726       0.062500       0.020663       0.005000            1
   101    0.3522500   -0.9359059    0.0000000      -0.299006      -0.101499       0.062500       0.020663       0.005000            1
   102    0.4127070   -0.9108638    0.0000000      -0.291727      -0.120837       0.062500       0.020663       0.005000            1
   103    0.4713967   -0.8819213    0.0000000      -0.283200      -0.139659       0.062500       0.020663       0.005000            1
   104    0.5280679   -0.8492022    0.0000000      -0.273459      -0.157882       0.062500       0.020663       0.005000            1
   105    0.5824777   -0.8128467    0.0000000      -0.262548      -0.175429       0.062500       0.020663       0.005000            1
   106    0.6343933   -0.7730105    0.0000000      -0.250512      -0.192225       0.062500       0.020663       0.005000            1
   107    0.6835923   -0.7298641    0.0000000      -0.237403      -0.208197       0.062500       0.020663       0.005000            1
   108    0.7298641   -0.6835923    0.0000000      -0.223278      -0.223278       0.062500       0.020663       0.005000            1
   109    0.7730105   -0.6343933    0.0000000      -0.208197      -0.237403       0.062500       0.020663       0.005000            1
   110    0.8128467   -0.5824777    0.0000000      -0.192225      -0.250512       0.062500       0.020663       0.005000            1
   111    0.8492022   -0.5280679    0.0000000      -0.175429      -0.262548       0.062500       0.020663       0.005000            1
   112    0.8819213   -0.4713967    0.0000000      -0.157882      -0.273459       0.062500       0.020663       0.005000            1
   113    0.9108638   -0.4127070    0.0000000      -0.139659      -0.283200       0.062500       0.020663       0.005000            1
   114    0.9359059   -0.3522500    0.0000000      -0.120837      -0.291727       0.062500       0.020663       0.005000            1
   115    0.9569403   -0.2902847    0.0000000      -0.101499      -0.299006       0.062500       0.020663       0.005000            1
   116    0.9738770   -0.2270763    0.0000000      -0.081726      -0.305004       0.062500       0.020663       0.005000            1
   117    0.9866433   -0.1628955    0.0000000      -0.061602      -0.309696       0.062500       0.020663       0.005000            1
   118    0.9951847   -0.0980171    0.0000000      -0.041215      -0.313062       0.062500       0.020663       0.005000            1
   119    0.9994646   -0.0327191    0.0000000      -0.020652      -0.315087       0.062500       0.020663       0.005000            1
   120    0.9994646    0.0327191    0.0000000      -0.000000      -0.315763       0.062500       0.020663       0.005000            1
   121    0.9951847    0.0980171    0.0000000       0.020652      -0.315087       0.062500       0.020663       0.005000            1
   122    0.9866433    0.1628955    0.0000000       0.041215      -0.313062       0.062500       0.020663       0.005000            1
   123    0.9738770    0.2270763    0.0000000       0.061602      -0.309696       0.062500       0.020663       0.005000            1
   124    0.9569403    0.2902847    0.0000000       0.081726      -0.305004       0.062500       0.020663       0.005000            1
   125    0.9359059    0.3522500    0.0000000       0.101499      -0.299006       0.062500       0.020663       0.005000            1
   126    0.9108638    0.4127070    0.0000000       0.120837      -0.291727       0.062500       0.020663       0.005000            1
   127    0.8819213    0.4713967    0.0000000       0.139659      -0.283200       0.062500       0.020663       0.005000            1
   128    0.8492022    0.5280679    0.0000000       0.157882      -0.273459       0.062500       0.020663       0.005000            1
   129    0.8128467    0.5824777    0.0000000       0.175429      -0.262548       0.062500       0.020663       0.005000            1
   130    0.7730105    0.6343933    0.0000000       0.192225      -0.250512       0.062500       0.020663       0.005000            1
   131    0.7298641    0.6835923    0.0000000       0.208197      -0.237403       0.062500       0.020663       0.005000            1
   132    0.6835923    0.7298641    0.0000000       0.223278      -0.223278       0.062500       0.020663       0.005000            1
   133    0.6343933    0.7730105    0.0000000       0.237403      -0.208197       0.062500       0.020663       0.005000            1
   134    0.5824777    0.8128467    0.0000000       0.250512      -0.192225       0.062500       0.020663       0.005000            1
   135    0.5280679    0.8492022    0.0000000       0.262548      -0.175429       0.062500       0.020663       0.005000            1
   136    0.4713967    0.8819213    0.0000000       0.273459      -0.157882       0.062500       0.020663       0.005000            1
   137    0.4127070    0.9108638    0.0000000       0.283200      -0.139659       0.062500       0.020663       0.005000            1
   138    0.3522500    0.9359059    0.0000000       0.291727      -0.120837       0.062500       0.020663       0.005000            1
   139    0.3522500    0.9359059    0.0000000       0.291727      -0.120837       0.062500       0.020663       0.005000            1
   140    0.2902847    0.9569403    0.0000000       0.299006      -0.101499       0.062500       0.020663       0.005000            1
   141    0.2270763    0.9738770    0.0000000       0.305004      -0.081726       0.062500       0.020663       0.005000            1
   142    0.1628955    0.9866433    0.0000000       0.309696      -0.061602       0.062500       0.020663       0.005000            1
   143    0.0980171    0.9951847    0.0000000       0.313062      -0.041215       0.062500       0.020663       0.005000            1
   144    0.0327191    0.9994646    0.0000000       0.315087      -0.020652       0.062500       0.020663       0.005000            1
   145   -0.0327191    0.9994646    0.0000000       0.315763       0.000000       0.062500       0.020663       0.005000            1
   146   -0.0980171    0.9951847    0.0000000       0.315087       0.020652       0.062500       0.020663       0.005000            1
   147   -0.1628955    0.9866433    0.0000000       0.313062       0.041215       0.062500       0.020663       0.005000            1
   148   -0.2270763    0.9738770    0.0000000       0.309696       0.061602       0.062500       0.020663       0.005000            1
   149   -0.2902847    0.9569403    0.0000000       0.305004       0.081726       0.062500       0.020663       0.005000            1
   150   -0.3522500    0.9359059    0.0000000       0.299006       0.101499       0.062500       0.020663       0.005000            1
   151   -0.4127070    0.9108638    0.0000000       0.291727       0.120837       0.062500       0.020663       0.005000            1
   152    0.4127070   -0.9108638    0.0000000       0.283200       0.139659       0.062500       0.020663       0.005000            1
   153   -0.9238795   -0.3826834    0.0000000       0.291727       0.120837       0.062500       0.028500       0.005000            1
   154   -0.9238795   -0.3826834    0.0000000       0.265397       0.109931       0.062500       0.028500       0.005000            1
   155    0.0654031    0.9978589    0.0000000       0.155584      -0.020483       0.062500       0.020527       0.005000            1
   156    1.0000000    0.0000000    0.0000000       0.156927       0.000000       0.062500       0.019855       0.005000            1
   157    1.0000000    0.0000000    0.0000000       0.176781       0.000000       0.062500       0.019855       0.005000            1
   158    1.0000000    0.0000000    0.0000000       0.196636       0.000000       0.062500       0.019855       0.005000            1
   159    1.0000000    0.0000000    0.0000000       0.216491       0.000000       0.062500       0.019855       0.005000            1
   160    1.0000000    0.0000000    0.0000000       0.236345       0.000000       0.062500       0.019855       0.005000            1
   161    1.0000000    0.0000000    0.0000000       0.256200       0.000000       0.062500       0.019855       0.005000            1
   162    1.0000000    0.0000000    0.0000000       0.276054       0.000000       0.062500       0.019855       0.005000            1
   163    1.0000000    0.0000000    0.0000000       0.295909       0.000000       0.062500       0.019855       0.005000            1
   164   -0.0327191    0.9994646    0.0000000       0.315763       0.000000       0.062500       0.020663       0.005000            1
   165   -0.7518398    0.6593458   -0.0000000       0.110964       0.110964      -0.062500       0.020527       0.005000            1
   166   -0.8314696    0.5555702   -0.0000000       0.095531       0.124498      -0.062500       0.020527       0.005000            1
   167   -0.8968727    0.4422887   -0.0000000       0.078463       0.135903      -0.062500       0.020527       0.005000            1
   168   -0.9469301    0.3214395   -0.0000000       0.060053       0.144981      -0.062500       0.020527       0.005000            1
   169   -0.9807853    0.1950903   -0.0000000       0.040616       0.151580      -0.062500       0.020527       0.005000            1
   170   -0.9978589    0.0654031   -0.0000000       0.020483       0.155584      -0.062500       0.020527       0.005000            1
   171   -0.9978589   -0.0654031   -0.0000000       0.000000       0.156927      -0.062500       0.020527       0.005000            1
   172   -0.9807853   -0.1950903   -0.0000000      -0.020483       0.155584      -0.062500       0.020527       0.005000            1
   173   -0.9469301   -0.3214395   -0.0000000      -0.040616       0.151580      -0.062500       0.020527       0.005000            1
   174   -0.8968727   -0.4422887   -0.0000000      -0.060053       0.144981      -0.062500       0.020527       0.005000            1
   175   -0.8314696   -0.5555702   -0.0000000      -0.078463       0.135903      -0.062500       0.020527       0.005000            1
   176   -0.7518398   -0.6593458   -0.0000000      -0.095531       0.124498      -0.062500       0.020527       0.005000            1
   177   -0.6593458   -0.7518398   -0.0000000      -0.110964       0.110964      -0.062500       0.020527       0.005000            1
   178   -0.5555702   -0.8314696   -0.0000000      -0.124498       0.095531      -0.062500       0.020527       0.005000            1
   179   -0.4422887   -0.8968727   -0.0000000      -0.135903       0.078463      -0.062500       0.020527       0.005000            1
   180   -0.3214395   -0.9469301   -0.0000000      -0.144981       0.060053      -0.062500       0.020527       0.005000            1
   181   -0.1950903   -0.9807853   -0.0000000      -0.151580       0.040616      -0.062500       0.020527       0.005000            1
   182   -0.0654031   -0.9978589   -0.0000000      -0.155584       0.020483      -0.062500       0.020527       0.005000            1
   183    0.0654031   -0.9978589   -0.0000000      -0.156927       0.000000      -0.062500       0.020527       0.005000            1
   184    0.1950903   -0.9807853   -0.0000000      -0.155584      -0.020483      -0.062500       0.020527       0.005000            1
   185    0.3214395   -0.9469301   -0.0000000      -0.151580      -0.040616      -0.062500       0.020527       0.005000            1
   186    0.4422887   -0.8968727   -0.0000000      -0.144981      -0.060053      -0.062500       0.020527       0.005000            1
   187    0.5555702   -0.8314696   -0.0000000      -0.135903      -0.078463      -0.062500       0.020527       0.005000            1
   188    0.6593458   -0.7518398   -0.0000000      -0.124498      -0.095531      -0.062500       0.020527       0.005000            1
   189    0.7518398   -0.6593458   -0.0000000      -0.110964      -0.110964      -0.062500       0.020527       0.005000            1
   190    0.8314696   -0.5555702   -0.0000000      -0.095531      -0.124498      -0.062500       0.020527       0.005000            1
   191    0.8968727   -0.4422887   -0.0000000      -0.078463      -0.135903      -0.062500       0.020527       0.005000            1
   192    0.9469301   -0.3214395   -0.0000000      -0.060053      -0.144981      -0.062500       0.020527       0.005000            1
   193    0.9807853   -0.1950903   -0.0000000      -0.040616      -0.151580      -0.062500       0.020527       0.005000            1
   194    0.9978589   -0.0654031   -0.0000000      -0.020483      -0.155584      -0.062500       0.020527       0.005000            1
   195    0.9978589    0.0654031   -0.0000000      -0.000000      -0.156927      -0.062500       0.020527       0.005000            1
   196    0.9807853    0.1950903   -0.0000000       0.020483      -0.155584      -0.062500       0.020527       0.005000            1
   197    0.9469301    0.3214395   -0.0000000       0.040616      -0.151580      -0.062500       0.020527       0.005000            1
   198    0.8968727    0.4422887   -0.0000000       0.060053      -0.144981      -0.062500       0.020527       0.005000            1
   199    0.8314696    0.5555702   -0.0000000       0.078463      -0.135903      -0.062500       0.020527       0.005000            1
   200    0.7518398    0.6593458   -0.0000000       0.095531      -0.124498      -0.062500       0.020527       0.005000            1
   201    0.6593458    0.7518398   -0.0000000       0.110964      -0.110964      -0.062500       0.020527       0.005000            1
   202    0.5555702    0.8314696   -0.0000000       0.124498      -0.095531      -0.062500       0.020527       0.005000            1
   203    0.4422887    0.8968727   -0.0000000       0.135903      -0.078463      -0.062500       0.020527       0.005000            1
   204    0.3214395    0.9469301   -0.0000000       0.144981      -0.060053      -0.062500       0.020527       0.005000            1
   205    0.1950903    0.9807853   -0.0000000       0.151580      -0.040616      -0.062500       0.020527       0.005000            1
   206    0.0654031    0.9978589   -0.0000000       0.155584      -0.020483      -0.062500       0.020527       0.005000            1
   207   -0.0654031    0.9978589   -0.0000000       0.156927      -0.000000      -0.062500       0.020527       0.005000            1
   208   -0.0654031    0.9978589   -0.0000000       0.156927       0.000000      -0.062500       0.020527       0.005000            1
   209   -0.1950903    0.9807853   -0.0000000       0.155584       0.020483      -0.062500       0.020527       0.005000            1
   210   -0.3214395    0.9469301   -0.0000000       0.151580       0.040616      -0.062500       0.020527       0.005000            1
   211   -0.4422887    0.8968727   -0.0000000       0.144981       0.060053      -0.062500       0.020527       0.005000            1
   212   -0.5555702    0.8314696   -0.0000000       0.135903       0.078463      -0.062500       0.020527       0.005000            1
   213   -0.6593458    0.7518398   -0.0000000       0.124498       0.095531      -0.062500       0.020527       0.005000            1
   214   -0.7518398    0.6593458   -0.0000000       0.110964       0.110964      -0.062500       0.020527       0.005000            1
   215    0.7518398   -0.6593458   -0.0000000       0.095531       0.124498      -0.062500       0.020527       0.005000            1
   216   -0.7071068   -0.7071068   -0.0000000       0.110964       0.110964      -0.062500       0.022000       0.005000            1
   217   -0.7071068   -0.7071068   -0.0000000       0.095408       0.095408      -0.062500       0.022000       0.005000            1
   218   -0.7071068   -0.7071068   -0.0000000       0.079851       0.079851      -0.062500       0.022000       0.005000            1
   219   -0.4127070    0.9108638   -0.0000000       0.291727       0.120837      -0.062500       0.020663       0.005000            1
   220   -0.4713967    0.8819213   -0.0000000       0.283200       0.139659      -0.062500       0.020663       0.005000            1
   221   -0.5280679    0.8492022   -0.0000000       0.273459       0.157882      -0.062500       0.020663       0.005000            1
   222   -0.5824777    0.8128467   -0.0000000       0.262548       0.175429      -0.062500       0.020663       0.005000            1
   223   -0.6343933    0.7730105   -0.0000000       0.250512       0.192225      -0.062500       0.020663       0.005000            1
   224   -0.6835923    0.7298641   -0.0000000       0.237403       0.208197      -0.062500       0.020663       0.005000            1
   225   -0.7298641    0.6835923   -0.0000000       0.223278       0.223278      -0.062500       0.020663       0.005000            1
   226   -0.7730105    0.6343933   -0.0000000       0.208197       0.237403      -0.062500       0.020663       0.005000            1
   227   -0.8128467    0.5824777   -0.0000000       0.192225       0.250512      -0.062500       0.020663       0.005000            1
   228   -0.8492022    0.5280679   -0.0000000       0.175429       0.262548      -0.062500       0.020663       0.005000            1
   229   -0.8819213    0.4713967   -0.0000000       0.157882       0.273459      -0.062500       0.020663       0.005000            1
   230   -0.9108638    0.4127070   -0.0000000       0.139659       0.283200      -0.062500       0.020663       0.005000            1
   231   -0.9359059    0.3522500   -0.0000000       0.120837       0.291727      -0.062500       0.020663       0.005000            1
   232   -0.9569403    0.2902847   -0.0000000       0.101499       0.299006      -0.062500       0.020663       0.005000            1
   233   -0.9738770    0.2270763   -0.0000000       0.081726       0.305004      -0.062500       0.020663       0.005000            1
   234   -0.9866433    0.1628955   -0.0000000       0.061602       0.309696      -0.062500       0.020663       0.005000            1
   235   -0.9951847    0.0980171   -0.0000000       0.041215       0.313062      -0.062500       0.020663       0.005000            1
   236   -0.9994646    0.0327191   -0.0000000       0.020652       0.315087      -0.062500       0.020663       0.005000            1
   237   -0.9994646   -0.0327191   -0.0000000       0.000000       0.315763      -0.062500       0.020663       0.005000            1
   238   -0.9951847   -0.0980171   -0.0000000      -0.020652       0.315087      -0.062500       0.020663       0.005000            1
   239   -0.9866433   -0.1628955   -0.0000000      -0.041215       0.313062      -0.062500       0.020663       0.005000            1
   240   -0.9738770   -0.2270763   -0.0000000      -0.061602       0.309696      -0.062500       0.020663       0.005000            1
   241   -0.9569403   -0.2902847   -0.0000000      -0.081726       0.305004      -0.062500       0.020663       0.005000            1
   242   -0.9359059   -0.3522500   -0.0000000      -0.101499       0.299006      -0.062500       0.020663       0.005000            1
   243   -0.9108638   -0.4127070   -0.0000000      -0.120837       0.291727      -0.062500       0.020663       0.005000            1
   244   -0.8819213   -0.4713967   -0.0000000      -0.139659       0.283200      -0.062500       0.020663       0.005000            1
   245   -0.8492022   -0.5280679   -0.0000000      -0.157882       0.273459      -0.062500       0.020663       0.005000            1
   246   -0.8128467   -0.5824777   -0.0000000      -0.175429       0.262548      -0.062500       0.020663       0.005000            1
   247   -0.7730105   -0.6343933   -0.0000000      -0.192225       0.250512      -0.062500       0.020663       0.005000            1
   248   -0.7298641   -0.6835923   -0.0000000      -0.208197       0.237403      -0.062500       0.020663       0.005000            1
   249   -0.6835923   -0.7298641   -0.0000000      -0.223278       0.223278      -0.062500       0.020663       0.005000            1
   250   -0.6343933   -0.7730105   -0.0000000      -0.237403       0.208197      -0.062500       0.020663       0.005000            1
   251   -0.5824777   -0.8128467   -0.0000000      -0.250512       0.192225      -0.062500       0.020663       0.005000            1
   252   -0.5280679   -0.8492022   -0.0000000      -0.262548       0.175429      -0.062500       0.020663       0.005000            1
   253   -0.4713967   -0.8819213   -0.0000000      -0.273459       0.157882      -0.062500       0.020663       0.005000            1
   254   -0.4127070   -0.9108638   -0.0000000      -0.283200       0.139659      -0.062500       0.020663       0.005000            1
   255   -0.3522500   -0.9359059   -0.0000000      -0.291727       0.120837      -0.062500       0.020663       0.005000            1
   256   -0.2902847   -0.9569403   -0.0000000      -0.299006       0.101499      -0.062500       0.020663       0.005000            1
   257   -0.2270763   -0.9738770   -0.0000000      -0.305004       0.081726      -0.062500       0.020663       0.005000            1
   258   -0.1628955   -0.9866433   -0.0000000      -0.309696       0.061602      -0.062500       0.020663       0.005000            1
   259   -0.0980171   -0.9951847   -0.0000000      -0.313062       0.041215      -0.062500       0.020663       0.005000            1
   260   -0.0327191   -0.9994646   -0.0000000      -0.315087       0.020652      -0.062500       0.020663       0.005000            1
   261    0.0327191   -0.9994646   -0.0000000      -0.315763       0.000000      -0.062500       0.020663       0.005000            1
   262    0.0980171   -0.9951847   -0.0000000      -0.315087      -0.020652      -0.062500       0.020663       0.005000            1
   263    0.1628955   -0.9866433   -0.0000000      -0.313062      -0.041215      -0.062500       0.020663       0.005000            1
   264    0.2270763   -0.9738770   -0.0000000      -0.309696      -0.061602      -0.062500       0.020663       0.005000            1
   265    0.2902847   -0.9569403   -0.0000000      -0.305004      -0.081726      -0.062500       0.020663       0.005000            1
   266    0.3522500   -0.9359059   -0.0000000      -0.299006      -0.101499      -0.062500       0.020663       0.005000            1
   267    0.4127070   -0.9108638   -0.0000000      -0.291727      -0.120837      -0.062500       0.020663       0.005000            1
   268    0.4713967   -0.8819213   -0.0000000      -0.283200      -0.139659      -0.062500       0.020663       0.005000            1
   269    0.5280679   -0.8492022   -0.0000000      -0.273459      -0.157882      -0.062500       0.020663       0.005000            1
   270    0.5824777   -0.8128467   -0.0000000      -0.262548      -0.175429      -0.062500       0.020663       0.005000            1
   271    0.6343933   -0.7730105   -0.0000000      -0.250512      -0.192225      -0.062500       0.020663       0.005000            1
   272    0.6835923   -0.7298641   -0.0000000      -0.237403      -0.208197      -0.062500       0.020663       0.005000            1
   273    0.7298641   -0.6835923   -0.0000000      -0.223278      -0.223278      -0.062500       0.020663       0.005000            1
   274    0.7730105   -0.6343933   -0.0000000      -0.208197      -0.237403      -0.062500       0.020663       0.005000            1
   275    0.8128467   -0.5824777   -0.0000000      -0.192225      -0.250512      -0.062500       0.020663       0.005000            1
   276    0.8492022   -0.5280679   -0.0000000      -0.175429      -0.262548      -0.062500       0.020663       0.005000            1
   277    0.8819213   -0.4713967   -0.0000000      -0.157882      -0.273459      -0.062500       0.020663       0.005000            1
   278    0.9108638   -0.4127070   -0.0000000      -0.139659      -0.283200      -0.062500       0.020663       0.005000            1
   279    0.9359059   -0.3522500   -0.0000000      -0.120837      -0.291727      -0.062500       0.020663       0.005000            1
   280    0.9569403   -0.2902847   -0.0000000      -0.101499      -0.299006      -0.062500       0.020663       0.005000            1
   281    0.9738770   -0.2270763   -0.0000000      -0.081726      -0.305004      -0.062500       0.020663       0.005000            1
   282    0.9866433   -0.1628955   -0.0000000      -0.061602      -0.309696      -0.062500       0.020663       0.005000            1
   283    0.9951847   -0.0980171   -0.0000000      -0.041215      -0.313062      -0.062500       0.020663       0.005000            1
   284    0.9994646   -0.0327191   -0.0000000      -0.020652      -0.315087      -0.062500       0.020663       0.005000            1
   285    0.9994646    0.0327191   -0.0000000      -0.000000      -0.315763      -0.062500       0.020663       0.005000            1
   286    0.9951847    0.0980171   -0.0000000       0.020652      -0.315087      -0.062500       0.020663       0.005000            1
   287    0.9866433    0.1628955   -0.0000000       0.041215      -0.313062      -0.062500       0.020663       0.005000            1
   288    0.9738770    0.2270763   -0.0000000       0.061602      -0.309696      -0.062500       0.020663       0.005000            1
   289    0.9569403    0.2902847   -0.0000000       0.081726      -0.305004      -0.062500       0.020663       0.005000            1
   290    0.9359059    0.3522500   -0.0000000       0.101499      -0.299006      -0.062500       0.020663       0.005000            1
   291    0.9108638    0.4127070   -0.0000000       0.120837      -0.291727      -0.062500       0.020663       0.005000            1
   292    0.8819213    0.4713967   -0.0000000       0.139659      -0.283200      -0.062500       0.020663       0.005000            1
   293    0.8492022    0.5280679   -0.0000000       0.157882      -0.273459      -0.062500       0.020663       0.005000            1
   294    0.8128467    0.5824777   -0.0000000       0.175429      -0.262548      -0.062500       0.020663       0.005000            1
   295    0.7730105    0.6343933   -0.0000000       0.192225      -0.250512      -0.062500       0.020663       0.005000            1
   296    0.7298641    0.6835923   -0.0000000       0.208197      -0.237403      -0.062500       0.020663       0.005000            1
   297    0.6835923    0.7298641   -0.0000000       0.223278      -0.223278      -0.062500       0.020663       0.005000            1
   298    0.6343933    0.7730105   -0.0000000       0.237403      -0.208197      -0.062500       0.020663       0.005000            1
   299    0.5824777    0.8128467   -0.0000000       0.250512      -0.192225      -0.062500       0.020663       0.005000            1
   300    0.5280679    0.8492022   -0.0000000       0.262548      -0.175429      -0.062500       0.020663       0.005000            1
   301    0.4713967    0.8819213   -0.0000000       0.273459      -0.157882      -0.062500       0.020663       0.005000            1
   302    0.4127070    0.9108638   -0.0000000       0.283200      -0.139659      -0.062500       0.020663       0.005000            1
   303    0.3522500    0.9359059   -0.0000000       0.291727      -0.120837      -0.062500       0.020663       0.005000            1
   304    0.3522500    0.9359059   -0.0000000       0.291727      -0.120837      -0.062500       0.020663       0.005000            1
   305    0.2902847    0.9569403   -0.0000000       0.299006      -0.101499      -0.062500       0.020663       0.005000            1
   306    0.2270763    0.9738770   -0.0000000       0.305004      -0.081726      -0.062500       0.020663       0.005000            1
   307    0.1628955    0.9866433   -0.0000000       0.309696      -0.061602      -0.062500       0.020663       0.005000            1
   308    0.0980171    0.9951847   -0.0000000       0.313062      -0.041215      -0.062500       0.020663       0.005000            1
   309    0.0327191    0.9994646   -0.0000000       0.315087      -0.020652      -0.062500       0.020663       0.005000            1
   310   -0.0327191    0.9994646   -0.0000000       0.315763       0.000000      -0.062500       0.020663       0.005000            1
   311   -0.0980171    0.9951847   -0.0000000       0.315087       0.020652      -0.062500       0.020663       0.005000            1
   312   -0.1628955    0.9866433   -0.0000000       0.313062       0.041215      -0.062500       0.020663       0.005000            1
   313   -0.2270763    0.9738770   -0.0000000       0.309696       0.061602      -0.062500       0.020663       0.005000            1
   314   -0.2902847    0.9569403   -0.0000000       0.305004       0.081726      -0.062500       0.020663       0.005000            1
   315   -0.3522500    0.9359059   -0.0000000       0.299006       0.101499      -0.062500       0.020663       0.005000            1
   316   -0.4127070    0.9108638   -0.0000000       0.291727       0.120837      -0.062500       0.020663       0.005000            1
   317    0.4127070   -0.9108638   -0.0000000       0.283200       0.139659      -0.062500       0.020663       0.005000            1
   318   -0.9238795   -0.3826834   -0.0000000       0.291727       0.120837      -0.062500       0.028500       0.005000            1
   319   -0.9238795   -0.3826834   -0.0000000       0.265397       0.109931      -0.062500       0.028500       0.005000            1
   320    0.0654031    0.9978589   -0.0000000       0.155584      -0.020483      -0.062500       0.020527       0.005000            1
   321    1.0000000    0.0000000   -0.0000000       0.156927       0.000000      -0.062500       0.019855       0.005000            1
   322    1.0000000    0.0000000   -0.0000000       0.176781       0.000000      -0.062500       0.019855       0.005000            1
   323    1.0000000    0.0000000   -0.0000000       0.196636       0.000000      -0.062500       0.019855       0.005000            1
   324    1.0000000    0.0000000   -0.0000000       0.216491       0.000000      -0.062500       0.019855       0.005000            1
   325    1.0000000    0.0000000   -0.0000000       0.236345       0.000000      -0.062500       0.019855       0.005000            1
   326    1.0000000    0.0000000   -0.0000000       0.256200       0.000000      -0.062500       0.019855       0.005000            1
   327    1.0000000    0.0000000   -0.0000000       0.276054       0.000000      -0.062500       0.019855       0.005000            1
   328    1.0000000    0.0000000   -0.0000000       0.295909       0.000000      -0.062500       0.019855       0.005000            1
   329   -0.0327191    0.9994646   -0.0000000       0.315763       0.000000      -0.062500       0.020663       0.005000            1
   330    1.0000000    0.0000000    0.0000000       0.216491       0.000000      -0.062500       0.019855       0.005000            1
   331    0.0000000    0.0000000    1.0000000       0.236345       0.000000      -0.062500       0.020833       0.005000            1
   332    0.0000000    0.0000000    1.0000000       0.236345       0.000000      -0.041667       0.020833       0.005000            1
   333    0.0000000    0.0000000    1.0000000       0.236345       0.000000      -0.020833       0.020833       0.005000            1
   334    0.0000000    0.0000000    1.0000000       0.236345       0.000000       0.000000       0.020833       0.005000            1
   335    0.0000000    0.0000000    1.0000000       0.236345       0.000000       0.020833       0.020833       0.005000            1
   336    0.0000000    0.0000000    1.0000000       0.236345       0.000000       0.041667       0.020833       0.005000            1
   337   -1.0000000    0.0000000    0.0000000       0.236345       0.000000       0.062500       0.019855       0.005000            1

Wire
   NO.     SEGN
     0       43
     1        7
     2        4
     3       85
     4       13
     5        3
     6       10
     7       43
     8        7
     9        4
    10       85
    11       13
    12        3
    13       10
    14        8

Feed
   NO.     FEDP      FEDV.re      FEDV.im
     0      319     -2.00000     -0.00000

Load
   NO.     LOADP      LOADZ.re      LOADZ.im



