 [antenna_field.dat]

  É” = 90.000 Åãplane
   --    >>-------   -------   --EÉ”--   -------   -------<< ** >>-------   -------   --EÉ∆--   -------   -------<< ** >>-------   --------<<
 É∆(deg)   FRAD.re   FRAD.im    |FRAD|    FPHASE  FGAI(dB)   **   TRAD.re   TRAD.im    |TRAD|    TPHASE  TGAI(dB)   ** TFGAI(dB)    TPHASE
 -90.000   0.00000   0.00000   0.00000    43.624  -60.0000   **  -0.06108  -0.01319   0.06248  -167.814  -11.7431   **  -11.7431   211.4386 
 -89.000   0.00049  -0.00024   0.00054   -25.783  -53.0002   **  -0.06100  -0.01314   0.06240  -167.846  -11.7548   **  -11.7544   142.0625 
 -88.000   0.00097  -0.00047   0.00108   -25.793  -46.9704   **  -0.06078  -0.01298   0.06215  -167.940  -11.7899   **  -11.7885   142.1469 
 -87.000   0.00146  -0.00071   0.00163   -25.810  -43.4333   **  -0.06040  -0.01273   0.06173  -168.099  -11.8485   **  -11.8455   142.2891 
 -86.000   0.00196  -0.00095   0.00217   -25.833  -40.9136   **  -0.05988  -0.01237   0.06115  -168.324  -11.9310   **  -11.9255   142.4913 
 -85.000   0.00245  -0.00119   0.00273   -25.862  -38.9491   **  -0.05921  -0.01192   0.06040  -168.618  -12.0377   **  -12.0289   142.7567 
 -84.000   0.00295  -0.00143   0.00328   -25.896  -37.3342   **  -0.05840  -0.01137   0.05949  -168.986  -12.1690   **  -12.1558   143.0899 
 -83.000   0.00346  -0.00168   0.00385   -25.935  -35.9595   **  -0.05744  -0.01072   0.05843  -169.431  -12.3256   **  -12.3068   143.4961 
 -82.000   0.00397  -0.00193   0.00441   -25.979  -34.7600   **  -0.05634  -0.00997   0.05722  -169.961  -12.5080   **  -12.4822   143.9823 
 -81.000   0.00449  -0.00219   0.00499   -26.026  -33.6942   **  -0.05510  -0.00914   0.05585  -170.583  -12.7172   **  -12.6826   144.5568 
 -80.000   0.00501  -0.00245   0.00557   -26.076  -32.7338   **  -0.05373  -0.00822   0.05435  -171.306  -12.9539   **  -12.9085   145.2297 
 -79.000   0.00554  -0.00272   0.00617   -26.128  -31.8590   **  -0.05222  -0.00721   0.05272  -172.141  -13.2193   **  -13.1603   146.0132 
 -78.000   0.00607  -0.00298   0.00676   -26.181  -31.0556   **  -0.05059  -0.00612   0.05096  -173.103  -13.5144   **  -13.4386   146.9221 
 -77.000   0.00661  -0.00326   0.00737   -26.234  -30.3128   **  -0.04883  -0.00495   0.04908  -174.208  -13.8405   **  -13.7438   147.9741 
 -76.000   0.00715  -0.00353   0.00798   -26.287  -29.6228   **  -0.04695  -0.00371   0.04709  -175.478  -14.1988   **  -14.0760   149.1906 
 -75.000   0.00770  -0.00381   0.00859   -26.339  -28.9792   **  -0.04495  -0.00241   0.04502  -176.936  -14.5906   **  -14.4353   150.5978 
 -74.000   0.00825  -0.00409   0.00921   -26.388  -28.3776   **  -0.04285  -0.00104   0.04286  -178.615  -15.0169   **  -14.8211   152.2274 
 -73.000   0.00880  -0.00437   0.00982   -26.433  -27.8143   **  -0.04064   0.00039   0.04064   179.449  -15.4787   **  -15.2321  -205.8821 
 -72.000   0.00934  -0.00465   0.01044   -26.475  -27.2865   **  -0.03833   0.00187   0.03838   177.209  -15.9763   **  -15.6664  -203.6837 
 -71.000   0.00989  -0.00493   0.01105   -26.511  -26.7922   **  -0.03594   0.00339   0.03610   174.609  -16.5092   **  -16.1202  -201.1200 
 -70.000   0.01042  -0.00521   0.01165   -26.540  -26.3300   **  -0.03345   0.00495   0.03382   171.582  -17.0753   **  -16.5881  -198.1222 
 -69.000   0.01095  -0.00548   0.01225   -26.562  -25.8986   **  -0.03089   0.00654   0.03158   168.046  -17.6704   **  -17.0620  -194.6087 
 -68.000   0.01147  -0.00574   0.01282   -26.576  -25.4976   **  -0.02826   0.00815   0.02942   163.910  -18.2863   **  -17.5306  -190.4861 
 -67.000   0.01197  -0.00599   0.01338   -26.580  -25.1266   **  -0.02557   0.00978   0.02738   159.074  -18.9094   **  -17.9789  -185.6539 
 -66.000   0.01245  -0.00623   0.01392   -26.572  -24.7856   **  -0.02283   0.01141   0.02553   153.444  -19.5190   **  -18.3882  -180.0168 
 -65.000   0.01291  -0.00645   0.01443   -26.552  -24.4749   **  -0.02005   0.01304   0.02391   146.956  -20.0852   **  -18.7372  -173.5085 
 -64.000   0.01333  -0.00665   0.01490   -26.518  -24.1951   **  -0.01723   0.01466   0.02262   139.610  -20.5696   **  -19.0042  -166.1276 
 -63.000   0.01372  -0.00683   0.01533   -26.467  -23.9470   **  -0.01438   0.01625   0.02170   131.514  -20.9293   **  -19.1709  -157.9806 
 -62.000   0.01408  -0.00699   0.01571   -26.398  -23.7320   **  -0.01152   0.01781   0.02121   122.909  -21.1266   **  -19.2265  -149.3064 
 -61.000   0.01438  -0.00711   0.01604   -26.307  -23.5515   **  -0.00866   0.01932   0.02118   114.149  -21.1406   **  -19.1706  -140.4553 
 -60.000   0.01464  -0.00720   0.01631   -26.191  -23.4075   **  -0.00581   0.02079   0.02158   105.620  -20.9760   **  -19.0135  -131.8111 
 -59.000   0.01484  -0.00725   0.01651   -26.047  -23.3023   **  -0.00298   0.02218   0.02238    97.647  -20.6609   **  -18.7735  -123.6941 
 -58.000   0.01497  -0.00726   0.01663   -25.869  -23.2388   **  -0.00018   0.02350   0.02350    90.430  -20.2370   **  -18.4732  -116.2989 
 -57.000   0.01503  -0.00722   0.01667   -25.651  -23.2205   **   0.00258   0.02473   0.02486    84.038  -19.7476   **  -18.1355  -109.6895 
 -56.000   0.01500  -0.00712   0.01661   -25.386  -23.2517   **   0.00529   0.02585   0.02639    78.446  -19.2302   **  -17.7809  -103.8319 
 -55.000   0.01490  -0.00697   0.01644   -25.062  -23.3378   **   0.00792   0.02686   0.02801    73.575  -18.7127   **  -17.4263   -98.6363 
 -54.000   0.01469  -0.00675   0.01617   -24.666  -23.4855   **   0.01047   0.02775   0.02966    69.322  -18.2150   **  -17.0851   -93.9882 
 -53.000   0.01438  -0.00646   0.01577   -24.179  -23.7031   **   0.01293   0.02849   0.03129    65.588  -17.7500   **  -16.7673   -89.7671 
 -52.000   0.01396  -0.00609   0.01524   -23.576  -24.0012   **   0.01528   0.02908   0.03286    62.277  -17.3262   **  -16.4804   -85.8530 
 -51.000   0.01342  -0.00565   0.01456   -22.817  -24.3940   **   0.01751   0.02951   0.03431    59.308  -16.9488   **  -16.2296   -82.1258 
 -50.000   0.01275  -0.00511   0.01374   -21.849  -24.8999   **   0.01961   0.02975   0.03563    56.609  -16.6210   **  -16.0191   -78.4584 
 -49.000   0.01194  -0.00448   0.01276   -20.584  -25.5442   **   0.02156   0.02980   0.03678    54.119  -16.3450   **  -15.8519   -74.7024 
 -48.000   0.01098  -0.00376   0.01161   -18.880  -26.3627   **   0.02335   0.02965   0.03774    51.782  -16.1227   **  -15.7301   -70.6618 
 -47.000   0.00987  -0.00292   0.01029   -16.491  -27.4069   **   0.02496   0.02928   0.03847    49.550  -15.9556   **  -15.6553   -66.0410 
 -46.000   0.00859  -0.00198   0.00882   -12.948  -28.7537   **   0.02638   0.02867   0.03896    47.378  -15.8455   **  -15.6286   -60.3257 
 -45.000   0.00714  -0.00091   0.00720    -7.265  -30.5173   **   0.02761   0.02782   0.03919    45.219  -15.7943   **  -15.6504   -52.4844 
 -44.000   0.00550   0.00028   0.00551     2.912  -32.8381   **   0.02862   0.02671   0.03914    43.028  -15.8048   **  -15.7197   -40.1161 
 -43.000   0.00367   0.00160   0.00401    23.539  -35.6031   **   0.02940   0.02533   0.03881    40.753  -15.8801   **  -15.8340   -17.2140 
 -42.000   0.00165   0.00306   0.00347    61.710  -36.8489   **   0.02994   0.02367   0.03817    38.334  -16.0239   **  -15.9881    23.3764 
 -41.000  -0.00059   0.00465   0.00469    97.235  -34.2305   **   0.03023   0.02172   0.03723    35.699  -16.2409   **  -16.1725    61.5365 
 -40.000  -0.00304   0.00640   0.00709   115.426  -30.6488   **   0.03026   0.01947   0.03598    32.755  -16.5361   **  -16.3708    82.6708 
 -39.000  -0.00572   0.00830   0.01008   124.567  -27.5906   **   0.03002   0.01690   0.03445    29.382  -16.9146   **  -16.5580    95.1848 
 -38.000  -0.00862   0.01035   0.01348   129.788  -25.0673   **   0.02949   0.01401   0.03265    25.415  -17.3805   **  -16.6974   104.3731 
 -37.000  -0.01177   0.01257   0.01722   133.102  -22.9378   **   0.02867   0.01079   0.03063    20.627  -17.9344   **  -16.7419   112.4747 
 -36.000  -0.01515   0.01496   0.02129   135.370  -21.0947   **   0.02755   0.00723   0.02848    14.710  -18.5676   **  -16.6396   120.6600 
 -35.000  -0.01879   0.01751   0.02568   137.010  -19.4660   **   0.02611   0.00333   0.02632     7.259  -19.2514   **  -16.3471   129.7511 
 -34.000  -0.02267   0.02024   0.03039   138.245  -18.0033   **   0.02436  -0.00093   0.02438    -2.190  -19.9181   **  -15.8457   140.4350 
 -33.000  -0.02682   0.02314   0.03542   139.205  -16.6728   **   0.02229  -0.00555   0.02297   -13.975  -20.4369   **  -15.1489   153.1800 
 -32.000  -0.03122   0.02623   0.04078   139.969  -15.4504   **   0.01988  -0.01052   0.02249   -27.890  -20.6175   **  -14.2966   167.8593 
 -31.000  -0.03589   0.02949   0.04645   140.590  -14.3182   **   0.01714  -0.01586   0.02335   -42.779  -20.2913   **  -13.3396   183.3688 
 -30.000  -0.04082   0.03294   0.05245   141.102  -13.2627   **   0.01406  -0.02157   0.02575   -56.889  -19.4440   **  -12.3253   197.9917 
 -29.000  -0.04602   0.03657   0.05878   141.532  -12.2734   **   0.01065  -0.02764   0.02962   -68.929  -18.2277   **  -11.2909   210.4602 
 -28.000  -0.05149   0.04038   0.06544   141.895  -11.3421   **   0.00689  -0.03407   0.03476   -78.566  -16.8364   **  -10.2625   220.4609 
 -27.000  -0.05722   0.04438   0.07241   142.206  -10.4620   **   0.00279  -0.04087   0.04096   -86.090  -15.4101   **   -9.2562   228.2955 
 -26.000  -0.06322   0.04855   0.07971   142.474   -9.6279   **  -0.00164  -0.04803   0.04805   -91.960  -14.0236   **   -8.2815   234.4333 
 -25.000  -0.06947   0.05291   0.08733   142.707   -8.8352   **  -0.00642  -0.05554   0.05591   -96.590  -12.7090   **   -7.3435   239.2971 
 -24.000  -0.07599   0.05745   0.09526   142.910   -8.0802   **  -0.01152  -0.06340   0.06444  -100.301  -11.4758   **   -6.4440   243.2116 
 -23.000  -0.08275   0.06216   0.10350   143.090   -7.3598   **  -0.01696  -0.07160   0.07358  -103.324  -10.3236   **   -5.5833   246.4133 
 -22.000  -0.08977   0.06704   0.11204   143.248   -6.6712   **  -0.02271  -0.08013   0.08328  -105.824   -9.2473   **   -4.7607   249.0724 
 -21.000  -0.09702   0.07208   0.12087   143.389   -6.0123   **  -0.02878  -0.08898   0.09351  -107.923   -8.2408   **   -3.9748   251.3115 
 -20.000  -0.10450   0.07729   0.12998   143.514   -5.3809   **  -0.03515  -0.09813   0.10424  -109.706   -7.2978   **   -3.2242   253.2201 
 -19.000  -0.11221   0.08265   0.13936   143.626   -4.7755   **  -0.04181  -0.10759   0.11543  -111.238   -6.4123   **   -2.5069   254.8648 
 -18.000  -0.12013   0.08816   0.14900   143.727   -4.1944   **  -0.04876  -0.11732   0.12705  -112.568   -5.5791   **   -1.8215   256.2954 
 -17.000  -0.12825   0.09380   0.15889   143.818   -3.6363   **  -0.05597  -0.12731   0.13907  -113.732   -4.7935   **   -1.1661   257.5504 
 -16.000  -0.13656   0.09958   0.16901   143.900   -3.1000   **  -0.06344  -0.13755   0.15148  -114.759   -4.0514   **   -0.5394   258.6593 
 -15.000  -0.14505   0.10548   0.17935   143.974   -2.5845   **  -0.07115  -0.14802   0.16423  -115.671   -3.3493   **    0.0602   259.6454 
 -14.000  -0.15369   0.11150   0.18988   144.041   -2.0888   **  -0.07907  -0.15869   0.17730  -116.486   -2.6842   **    0.6340   260.5275 
 -13.000  -0.16249   0.11761   0.20059   144.102   -1.6121   **  -0.08720  -0.16955   0.19066  -117.218   -2.0532   **    1.1832   261.3205 
 -12.000  -0.17142   0.12382   0.21146   144.158   -1.1536   **  -0.09552  -0.18056   0.20427  -117.879   -1.4541   **    1.7090   262.0366 
 -11.000  -0.18046   0.13011   0.22248   144.209   -0.7126   **  -0.10400  -0.19172   0.21811  -118.477   -0.8848   **    2.2124   262.6858 
 -10.000  -0.18960   0.13647   0.23361   144.255   -0.2885   **  -0.11262  -0.20299   0.23213  -119.021   -0.3435   **    2.6944   263.2766 
  -9.000  -0.19882   0.14288   0.24484   144.297    0.1193   **  -0.12136  -0.21434   0.24631  -119.518    0.1715   **    3.1558   263.8158 
  -8.000  -0.20810   0.14934   0.25614   144.336    0.5114   **  -0.13020  -0.22576   0.26061  -119.973    0.6616   **    3.5974   264.3094 
  -7.000  -0.21743   0.15583   0.26750   144.372    0.8882   **  -0.13912  -0.23721   0.27499  -120.391    1.1281   **    4.0201   264.7623 
  -6.000  -0.22677   0.16233   0.27888   144.404    1.2501   **  -0.14808  -0.24866   0.28941  -120.775    1.5720   **    4.4243   265.1789 
  -5.000  -0.23612   0.16883   0.29027   144.434    1.5976   **  -0.15707  -0.26009   0.30384  -121.129    1.9946   **    4.8109   265.5628 
  -4.000  -0.24544   0.17532   0.30163   144.462    1.9311   **  -0.16606  -0.27147   0.31823  -121.456    2.3966   **    5.1804   265.9172 
  -3.000  -0.25473   0.18178   0.31294   144.487    2.2509   **  -0.17503  -0.28276   0.33255  -121.758    2.7788   **    5.5332   266.2448 
  -2.000  -0.26395   0.18820   0.32418   144.510    2.5573   **  -0.18395  -0.29394   0.34676  -122.038    3.1422   **    5.8699   266.5481 
  -1.000  -0.27309   0.19457   0.33531   144.531    2.8507   **  -0.19279  -0.30499   0.36081  -122.298    3.4873   **    6.1909   266.8291 
   0.000  -0.28213   0.20086   0.34632   144.551    3.1313   **  -0.20152  -0.31586   0.37467  -122.539    3.8147   **    6.4967   267.0898 
   1.000  -0.29104   0.20707   0.35718   144.569    3.3995   **  -0.21013  -0.32653   0.38830  -122.763    4.1250   **    6.7877   267.3317 
   2.000  -0.29980   0.21317   0.36786   144.586    3.6553   **  -0.21859  -0.33697   0.40166  -122.971    4.4188   **    7.0641   267.5564 
   3.000  -0.30839   0.21916   0.37834   144.601    3.8992   **  -0.22686  -0.34715   0.41471  -123.164    4.6965   **    7.3264   267.7651 
   4.000  -0.31680   0.22502   0.38858   144.615    4.1313   **  -0.23493  -0.35705   0.42741  -123.344    4.9585   **    7.5749   267.9589 
   5.000  -0.32500   0.23073   0.39857   144.628    4.3518   **  -0.24277  -0.36663   0.43972  -123.511    5.2053   **    7.8098   268.1389 
   6.000  -0.33297   0.23628   0.40829   144.639    4.5610   **  -0.25036  -0.37587   0.45162  -123.666    5.4371   **    8.0314   268.3060 
   7.000  -0.34069   0.24167   0.41770   144.650    4.7590   **  -0.25767  -0.38475   0.46306  -123.811    5.6544   **    8.2400   268.4610 
   8.000  -0.34815   0.24686   0.42679   144.660    4.9459   **  -0.26468  -0.39323   0.47401  -123.944    5.8574   **    8.4358   268.6046 
   9.000  -0.35532   0.25186   0.43553   144.669    5.1220   **  -0.27137  -0.40129   0.48444  -124.068    6.0464   **    8.6191   268.7376 
  10.000  -0.36219   0.25665   0.44390   144.678    5.2875   **  -0.27772  -0.40892   0.49431  -124.183    6.2217   **    8.7899   268.8605 
  11.000  -0.36874   0.26122   0.45189   144.685    5.4424   **  -0.28371  -0.41608   0.50360  -124.288    6.3834   **    8.9486   268.9738 
  12.000  -0.37496   0.26556   0.45947   144.692    5.5869   **  -0.28932  -0.42276   0.51228  -124.386    6.5319   **    9.0953   269.0780 
  13.000  -0.38083   0.26966   0.46663   144.699    5.7212   **  -0.29453  -0.42895   0.52033  -124.475    6.6672   **    9.2302   269.1735 
  14.000  -0.38634   0.27350   0.47335   144.704    5.8453   **  -0.29933  -0.43461   0.52772  -124.557    6.7897   **    9.3534   269.2608 
  15.000  -0.39148   0.27708   0.47961   144.710    5.9595   **  -0.30370  -0.43974   0.53442  -124.631    6.8994   **    9.4651   269.3401 
  16.000  -0.39623   0.28040   0.48541   144.714    6.0639   **  -0.30764  -0.44432   0.54043  -124.698    6.9965   **    9.5654   269.4118 
  17.000  -0.40059   0.28344   0.49072   144.718    6.1584   **  -0.31112  -0.44835   0.54572  -124.758    7.0811   **    9.6545   269.4761 
  18.000  -0.40455   0.28620   0.49555   144.722    6.2434   **  -0.31414  -0.45180   0.55028  -124.811    7.1533   **    9.7324   269.5333 
  19.000  -0.40809   0.28867   0.49987   144.726    6.3188   **  -0.31668  -0.45467   0.55409  -124.858    7.2133   **    9.7993   269.5835 
  20.000  -0.41122   0.29085   0.50368   144.729    6.3848   **  -0.31875  -0.45695   0.55714  -124.898    7.2611   **    9.8553   269.6269 
  21.000  -0.41392   0.29273   0.50698   144.731    6.4414   **  -0.32034  -0.45864   0.55944  -124.932    7.2967   **    9.9004   269.6636 
  22.000  -0.41620   0.29432   0.50975   144.734    6.4888   **  -0.32144  -0.45974   0.56096  -124.960    7.3204   **    9.9348   269.6939 
  23.000  -0.41805   0.29560   0.51200   144.736    6.5271   **  -0.32204  -0.46023   0.56172  -124.982    7.3321   **    9.9585   269.7176 
  24.000  -0.41946   0.29659   0.51373   144.737    6.5563   **  -0.32216  -0.46013   0.56170  -124.998    7.3318   **    9.9716   269.7350 
  25.000  -0.42045   0.29727   0.51492   144.739    6.5765   **  -0.32178  -0.45943   0.56091  -125.007    7.3196   **    9.9742   269.7460 
  26.000  -0.42100   0.29765   0.51559   144.740    6.5878   **  -0.32092  -0.45814   0.55935  -125.011    7.2954   **    9.9663   269.7506 
  27.000  -0.42113   0.29772   0.51574   144.741    6.5903   **  -0.31957  -0.45625   0.55704  -125.008    7.2594   **    9.9480   269.7488 
  28.000  -0.42083   0.29750   0.51537   144.742    6.5840   **  -0.31774  -0.45379   0.55397  -124.999    7.2114   **    9.9193   269.7406 
  29.000  -0.42011   0.29699   0.51448   144.742    6.5691   **  -0.31543  -0.45075   0.55016  -124.984    7.1515   **    9.8803   269.7258 
  30.000  -0.41897   0.29618   0.51308   144.743    6.5455   **  -0.31266  -0.44716   0.54562  -124.962    7.0795   **    9.8310   269.7044 
  31.000  -0.41742   0.29508   0.51119   144.743    6.5133   **  -0.30943  -0.44301   0.54037  -124.933    6.9955   **    9.7714   269.6761 
  32.000  -0.41547   0.29370   0.50880   144.743    6.4726   **  -0.30575  -0.43832   0.53442  -124.898    6.8994   **    9.7015   269.6409 
  33.000  -0.41312   0.29205   0.50592   144.743    6.4234   **  -0.30164  -0.43311   0.52780  -124.856    6.7910   **    9.6214   269.5984 
  34.000  -0.41039   0.29012   0.50258   144.742    6.3658   **  -0.29711  -0.42739   0.52051  -124.806    6.6703   **    9.5310   269.5485 
  35.000  -0.40728   0.28792   0.49878   144.742    6.2998   **  -0.29217  -0.42118   0.51259  -124.749    6.5372   **    9.4304   269.4908 
  36.000  -0.40381   0.28547   0.49453   144.741    6.2255   **  -0.28684  -0.41450   0.50407  -124.684    6.3914   **    9.3195   269.4250 
  37.000  -0.39998   0.28278   0.48984   144.741    6.1428   **  -0.28113  -0.40736   0.49495  -124.610    6.2329   **    9.1984   269.3507 
  38.000  -0.39581   0.27984   0.48474   144.740    6.0519   **  -0.27505  -0.39980   0.48528  -124.527    6.0615   **    9.0670   269.2673 
  39.000  -0.39131   0.27666   0.47924   144.739    5.9527   **  -0.26864  -0.39182   0.47507  -124.435    5.8769   **    8.9253   269.1744 
  40.000  -0.38650   0.27327   0.47334   144.738    5.8452   **  -0.26190  -0.38346   0.46437  -124.333    5.6789   **    8.7732   269.0714 
  41.000  -0.38138   0.26966   0.46708   144.737    5.7295   **  -0.25486  -0.37473   0.45319  -124.220    5.4673   **    8.6107   268.9575 
  42.000  -0.37597   0.26584   0.46046   144.736    5.6055   **  -0.24754  -0.36567   0.44157  -124.096    5.2417   **    8.4377   268.8320 
  43.000  -0.37028   0.26183   0.45350   144.735    5.4733   **  -0.23994  -0.35628   0.42955  -123.959    5.0019   **    8.2543   268.6939 
  44.000  -0.36433   0.25764   0.44622   144.734    5.3327   **  -0.23211  -0.34661   0.41715  -123.808    4.7475   **    8.0603   268.5424 
  45.000  -0.35814   0.25327   0.43864   144.733    5.1839   **  -0.22405  -0.33667   0.40440  -123.643    4.4780   **    7.8556   268.3761 
  46.000  -0.35171   0.24873   0.43078   144.731    5.0267   **  -0.21579  -0.32649   0.39135  -123.462    4.1931   **    7.6402   268.1938 
  47.000  -0.34506   0.24405   0.42264   144.730    4.8611   **  -0.20735  -0.31609   0.37803  -123.264    3.8922   **    7.4139   267.9939 
  48.000  -0.33821   0.23921   0.41426   144.729    4.6871   **  -0.19875  -0.30551   0.36447  -123.046    3.5748   **    7.1768   267.7748 
  49.000  -0.33117   0.23425   0.40564   144.727    4.5045   **  -0.19001  -0.29476   0.35070  -122.807    3.2403   **    6.9286   267.5343 
  50.000  -0.32395   0.22915   0.39681   144.726    4.3133   **  -0.18116  -0.28388   0.33676  -122.544    2.8881   **    6.6692   267.2702 
  51.000  -0.31658   0.22395   0.38778   144.724    4.1134   **  -0.17222  -0.27289   0.32269  -122.255    2.5174   **    6.3986   266.9798 
  52.000  -0.30905   0.21863   0.37857   144.723    3.9046   **  -0.16320  -0.26182   0.30852  -121.937    2.1273   **    6.1165   266.6600 
  53.000  -0.30139   0.21323   0.36919   144.722    3.6867   **  -0.15414  -0.25069   0.29428  -121.585    1.7169   **    5.8229   266.3071 
  54.000  -0.29361   0.20773   0.35967   144.720    3.4597   **  -0.14504  -0.23952   0.28002  -121.197    1.2853   **    5.5175   265.9167 
  55.000  -0.28572   0.20216   0.35001   144.719    3.2232   **  -0.13594  -0.22836   0.26576  -120.765    0.8313   **    5.2002   265.4839 
  56.000  -0.27773   0.19652   0.34023   144.717    2.9771   **  -0.12685  -0.21721   0.25153  -120.286    0.3536   **    4.8708   265.0027 
  57.000  -0.26966   0.19082   0.33035   144.716    2.7211   **  -0.11780  -0.20610   0.23739  -119.750   -0.1492   **    4.5292   264.4658 
  58.000  -0.26152   0.18507   0.32038   144.714    2.4549   **  -0.10879  -0.19506   0.22335  -119.150   -0.6787   **    4.1751   263.8647 
  59.000  -0.25331   0.17927   0.31033   144.713    2.1782   **  -0.09986  -0.18411   0.20945  -118.476   -1.2367   **    3.8084   263.1889 
  60.000  -0.24505   0.17343   0.30022   144.711    1.8904   **  -0.09103  -0.17328   0.19573  -117.714   -1.8252   **    3.4287   262.4256 
  61.000  -0.23675   0.16757   0.29005   144.710    1.5913   **  -0.08230  -0.16258   0.18222  -116.849   -2.4464   **    3.0360   261.5593 
  62.000  -0.22842   0.16168   0.27985   144.709    1.2801   **  -0.07370  -0.15204   0.16896  -115.862   -3.1027   **    2.6299   260.5706 
  63.000  -0.22006   0.15577   0.26961   144.707    0.9565   **  -0.06525  -0.14168   0.15598  -114.728   -3.7970   **    2.2103   259.4353 
  64.000  -0.21168   0.14985   0.25936   144.706    0.6196   **  -0.05696  -0.13151   0.14332  -113.417   -4.5323   **    1.7769   258.1228 
  65.000  -0.20330   0.14392   0.24909   144.705    0.2687   **  -0.04885  -0.12157   0.13102  -111.890   -5.3117   **    1.3295   256.5941 
  66.000  -0.19491   0.13799   0.23881   144.703   -0.0972   **  -0.04093  -0.11187   0.11912  -110.096   -6.1385   **    0.8678   254.7991 
  67.000  -0.18653   0.13206   0.22854   144.702   -0.4790   **  -0.03322  -0.10242   0.10768  -107.971   -7.0159   **    0.3917   252.6731 
  68.000  -0.17815   0.12613   0.21828   144.701   -0.8779   **  -0.02574  -0.09325   0.09674  -105.431   -7.9463   **   -0.0991   250.1313 
  69.000  -0.16979   0.12022   0.20804   144.700   -1.2954   **  -0.01849  -0.08437   0.08637  -102.364   -8.9306   **   -0.6047   247.0633 
  70.000  -0.16144   0.11431   0.19782   144.699   -1.7330   **  -0.01150  -0.07580   0.07667   -98.627   -9.9662   **   -1.1252   243.3257 
  71.000  -0.15312   0.10843   0.18762   144.697   -2.1927   **  -0.00477  -0.06755   0.06772   -94.039  -11.0443   **   -1.6609   238.7366 
  72.000  -0.14482   0.10255   0.17745   144.696   -2.6766   **   0.00169  -0.05964   0.05966   -88.381  -12.1446   **   -2.2115   233.0778 
  73.000  -0.13655   0.09670   0.16732   144.695   -3.1874   **   0.00785  -0.05207   0.05266   -81.424  -13.2281   **   -2.7772   226.1190 
  74.000  -0.12830   0.09086   0.15722   144.694   -3.7282   **   0.01372  -0.04488   0.04693   -72.995  -14.2296   **   -3.3575   217.6890 
  75.000  -0.12009   0.08505   0.14715   144.694   -4.3028   **   0.01929  -0.03805   0.04266   -63.121  -15.0570   **   -3.9523   207.8143 
  76.000  -0.11191   0.07925   0.13713   144.693   -4.9158   **   0.02454  -0.03162   0.04002   -52.189  -15.6119   **   -4.5607   196.8821 
  77.000  -0.10375   0.07348   0.12714   144.692   -5.5728   **   0.02946  -0.02558   0.03902   -40.973  -15.8329   **   -5.1818   185.6649 
  78.000  -0.09563   0.06773   0.11719   144.691   -6.2807   **   0.03405  -0.01996   0.03947   -30.375  -15.7337   **   -5.8141   175.0657 
  79.000  -0.08754   0.06200   0.10727   144.690   -7.0486   **   0.03830  -0.01475   0.04104   -21.057  -15.3943   **   -6.4554   165.7476 
  80.000  -0.07948   0.05629   0.09739   144.690   -7.8878   **   0.04220  -0.00996   0.04336   -13.279  -14.9164   **   -7.1024   157.9692 
  81.000  -0.07144   0.05060   0.08755   144.689   -8.8135   **   0.04575  -0.00561   0.04609    -6.988  -14.3857   **   -7.7509   151.6769 
  82.000  -0.06343   0.04493   0.07773   144.689   -9.8462   **   0.04894  -0.00169   0.04897    -1.983  -13.8597   **   -8.3946   146.6721 
  83.000  -0.05545   0.03928   0.06795   144.688  -11.0147   **   0.05177   0.00177   0.05180     1.960  -13.3722   **   -9.0251   142.7280 
  84.000  -0.04748   0.03364   0.05819   144.688  -12.3613   **   0.05423   0.00479   0.05444     5.045  -12.9406   **   -9.6310   139.6429 
  85.000  -0.03954   0.02801   0.04846   144.688  -13.9515   **   0.05631   0.00735   0.05679     7.433  -12.5730   **  -10.1975   137.2550 
  86.000  -0.03161   0.02239   0.03874   144.687  -15.8951   **   0.05802   0.00945   0.05879     9.246  -12.2727   **  -10.7064   135.4414 
  87.000  -0.02370   0.01679   0.02904   144.687  -18.3982   **   0.05936   0.01108   0.06038    10.575  -12.0401   **  -11.1364   134.1122 
  88.000  -0.01579   0.01119   0.01935   144.687  -21.9231   **   0.06031   0.01225   0.06154    11.483  -11.8748   **  -11.4652   133.2039 
  89.000  -0.00789   0.00559   0.00967   144.687  -27.9455   **   0.06088   0.01295   0.06225    12.012  -11.7760   **  -11.6723   132.6747 
  90.000   0.00000   0.00000   0.00000    35.828  -60.0000   **   0.06108   0.01319   0.06248    12.186  -11.7431   **  -11.7431    23.6424 


   --    >>-------   -------   --ER --   -------   -------<< ** >>-------   -------   --EL --   -------   -------<< ** >>-------   --------<<
 É∆(deg)   RRAD.re   RRAD.im    |RRAD|    RPHASE  RGAI(dB)   **   LRAD.re   LRAD.im    |LRAD|    LPHASE  LGAI(dB)   ** TFGAI(dB)     AR(dB)
 -90.000  -0.03054  -0.00659   0.03124  -167.814  -14.7534   **  -0.03054  -0.00659   0.03124  -167.814  -14.7534   **  -11.7431    60.0000 
 -89.000  -0.03038  -0.00633   0.03103  -168.239  -14.8113   **  -0.03062  -0.00681   0.03137  -167.456  -14.7187   **  -11.7544    45.4711 
 -88.000  -0.03015  -0.00601   0.03074  -168.736  -14.8927   **  -0.03062  -0.00698   0.03141  -167.161  -14.7070   **  -11.7885    39.4239 
 -87.000  -0.02985  -0.00563   0.03037  -169.313  -14.9980   **  -0.03056  -0.00710   0.03137  -166.924  -14.7181   **  -11.8455    35.8581 
 -86.000  -0.02947  -0.00521   0.02992  -169.975  -15.1278   **  -0.03041  -0.00717   0.03125  -166.743  -14.7520   **  -11.9255    33.2988 
 -85.000  -0.02901  -0.00473   0.02939  -170.734  -15.2826   **  -0.03020  -0.00719   0.03104  -166.616  -14.8087   **  -12.0289    31.2846 
 -84.000  -0.02848  -0.00421   0.02879  -171.598  -15.4630   **  -0.02992  -0.00716   0.03076  -166.541  -14.8883   **  -12.1558    29.6109 
 -83.000  -0.02788  -0.00363   0.02811  -172.583  -15.6696   **  -0.02956  -0.00709   0.03040  -166.517  -14.9911   **  -12.3068    28.1697 
 -82.000  -0.02720  -0.00300   0.02737  -173.702  -15.9031   **  -0.02914  -0.00697   0.02996  -166.545  -15.1174   **  -12.4822    26.8978 
 -81.000  -0.02646  -0.00233   0.02656  -174.973  -16.1641   **  -0.02865  -0.00681   0.02944  -166.623  -15.2679   **  -12.6826    25.7560 
 -80.000  -0.02564  -0.00160   0.02569  -176.419  -16.4531   **  -0.02809  -0.00661   0.02886  -166.755  -15.4430   **  -12.9085    24.7196 
 -79.000  -0.02475  -0.00084   0.02477  -178.065  -16.7704   **  -0.02747  -0.00637   0.02820  -166.940  -15.6437   **  -13.1603    23.7731 
 -78.000  -0.02380  -0.00002   0.02380  -179.940  -17.1159   **  -0.02679  -0.00609   0.02747  -167.183  -15.8709   **  -13.4386    22.9081 
 -77.000  -0.02279   0.00083   0.02280   177.920  -17.4891   **  -0.02604  -0.00578   0.02668  -167.486  -16.1257   **  -13.7438    22.1222 
 -76.000  -0.02171   0.00172   0.02178   175.473  -17.8885   **  -0.02524  -0.00543   0.02582  -167.854  -16.4095   **  -14.0760    21.4186 
 -75.000  -0.02057   0.00265   0.02074   172.671  -18.3115   **  -0.02438  -0.00505   0.02490  -168.295  -16.7240   **  -14.4353    20.8069 
 -74.000  -0.01938   0.00361   0.01971   169.462  -18.7536   **  -0.02347  -0.00464   0.02392  -168.814  -17.0711   **  -14.8211    20.3047 
 -73.000  -0.01813   0.00459   0.01871   165.787  -19.2080   **  -0.02251  -0.00420   0.02290  -169.424  -17.4530   **  -15.2321    19.9409 
 -72.000  -0.01684   0.00561   0.01775   161.589  -19.6645   **  -0.02149  -0.00374   0.02182  -170.137  -17.8725   **  -15.6664    19.7609 
 -71.000  -0.01550   0.00664   0.01686   156.817  -20.1088   **  -0.02043  -0.00325   0.02069  -170.969  -18.3326   **  -16.1202    19.8374 
 -70.000  -0.01412   0.00769   0.01608   151.440  -20.5222   **  -0.01933  -0.00274   0.01952  -171.941  -18.8371   **  -16.5881    20.2918 
 -69.000  -0.01271   0.00875   0.01543   145.463  -20.8817   **  -0.01818  -0.00221   0.01832  -173.083  -19.3903   **  -17.0620    21.3461 
 -68.000  -0.01126   0.00981   0.01494   138.943  -21.1624   **  -0.01700  -0.00166   0.01708  -174.429  -19.9973   **  -17.5306    23.4825 
 -67.000  -0.00979   0.01087   0.01463   132.005  -21.3407   **  -0.01578  -0.00110   0.01582  -176.031  -20.6641   **  -17.9789    28.1947 
 -66.000  -0.00830   0.01193   0.01454   124.835  -21.3996   **  -0.01453  -0.00052   0.01454  -177.954  -21.3975   **  -18.3882    60.0000 
 -65.000  -0.00680   0.01297   0.01465   117.658  -21.3336   **  -0.01325   0.00007   0.01325   179.709  -22.2051   **  -18.7372    25.9979 
 -64.000  -0.00529   0.01399   0.01496   110.697  -21.1499   **  -0.01194   0.00066   0.01196   176.826  -23.0952   **  -19.0042    19.0533 
 -63.000  -0.00377   0.01499   0.01545   104.138  -20.8670   **  -0.01061   0.00126   0.01068   173.214  -24.0747   **  -19.1709    14.7710 
 -62.000  -0.00227   0.01594   0.01610    98.100  -20.5098   **  -0.00926   0.00187   0.00944   168.602  -25.1467   **  -19.2265    11.6753 
 -61.000  -0.00078   0.01685   0.01687    92.638  -20.1048   **  -0.00789   0.00247   0.00827   162.607  -26.3029   **  -19.1706     9.3097 
 -60.000   0.00069   0.01771   0.01773    87.755  -19.6759   **  -0.00651   0.00307   0.00720   154.710  -27.5069   **  -19.0135     7.4825 
 -59.000   0.00214   0.01851   0.01863    83.416  -19.2432   **  -0.00511   0.00367   0.00630   144.313  -28.6656   **  -18.7735     6.1114 
 -58.000   0.00354   0.01923   0.01956    79.570  -18.8224   **  -0.00372   0.00427   0.00566   131.062  -29.5942   **  -18.4732     5.1741 
 -57.000   0.00490   0.01988   0.02047    76.154  -18.4251   **  -0.00232   0.00485   0.00538   115.528  -30.0393   **  -18.1355     4.6712 
 -56.000   0.00620   0.02043   0.02135    73.111  -18.0601   **  -0.00092   0.00542   0.00550    99.601  -29.8387   **  -17.7809     4.5795 
 -55.000   0.00744   0.02088   0.02217    70.382  -17.7337   **   0.00048   0.00598   0.00600    85.443  -29.0803   **  -17.4263     4.8248 
 -54.000   0.00861   0.02122   0.02290    67.915  -17.4510   **   0.00186   0.00653   0.00679    74.073  -28.0119   **  -17.0851     5.3093 
 -53.000   0.00970   0.02144   0.02353    65.666  -17.2159   **   0.00324   0.00705   0.00776    65.351  -26.8489   **  -16.7673     5.9531 
 -52.000   0.01069   0.02152   0.02403    63.591  -17.0323   **   0.00460   0.00756   0.00885    58.707  -25.7121   **  -16.4804     6.7102 
 -51.000   0.01158   0.02147   0.02439    61.652  -16.9038   **   0.00593   0.00804   0.00999    53.581  -24.6525   **  -16.2296     7.5630 
 -50.000   0.01236   0.02125   0.02459    59.814  -16.8344   **   0.00725   0.00850   0.01117    49.543  -23.6855   **  -16.0191     8.5163 
 -49.000   0.01302   0.02087   0.02460    58.041  -16.8287   **   0.00854   0.00893   0.01236    46.291  -22.8108   **  -15.8519     9.5939 
 -48.000   0.01355   0.02032   0.02442    56.296  -16.8925   **   0.00980   0.00933   0.01353    43.615  -22.0224   **  -15.7301    10.8422 
 -47.000   0.01394   0.01957   0.02403    54.540  -17.0329   **   0.01102   0.00970   0.01468    41.366  -21.3124   **  -15.6553    12.3423 
 -46.000   0.01418   0.01863   0.02341    52.725  -17.2590   **   0.01220   0.01004   0.01580    39.441  -20.6733   **  -15.6286    14.2419 
 -45.000   0.01426   0.01748   0.02256    50.793  -17.5826   **   0.01335   0.01034   0.01689    37.764  -20.0979   **  -15.6504    16.8456 
 -44.000   0.01417   0.01611   0.02145    48.663  -18.0192   **   0.01445   0.01060   0.01792    36.279  -19.5803   **  -15.7197    20.9518 
 -43.000   0.01390   0.01450   0.02009    46.219  -18.5894   **   0.01550   0.01083   0.01891    34.944  -19.1152   **  -15.8340    30.3831 
 -42.000   0.01344   0.01266   0.01847    43.283  -19.3210   **   0.01650   0.01101   0.01984    33.727  -18.6982   **  -15.9881    28.9146 
 -41.000   0.01279   0.01057   0.01659    39.564  -20.2515   **   0.01744   0.01116   0.02071    32.603  -18.3258   **  -16.1725    19.1403 
 -40.000   0.01193   0.00821   0.01448    34.544  -21.4300   **   0.01833   0.01126   0.02151    31.551  -17.9946   **  -16.3708    14.1896 
 -39.000   0.01086   0.00559   0.01221    27.246  -22.9103   **   0.01916   0.01131   0.02225    30.555  -17.7022   **  -16.5580    10.7182 
 -38.000   0.00957   0.00269   0.00994    15.728  -24.7003   **   0.01992   0.01132   0.02291    29.601  -17.4463   **  -16.6974     8.0706 
 -37.000   0.00805  -0.00049   0.00806    -3.464  -26.5179   **   0.02062   0.01128   0.02350    28.677  -17.2251   **  -16.7419     6.2112 
 -36.000   0.00629  -0.00396   0.00744   -32.172  -27.2205   **   0.02125   0.01119   0.02402    27.773  -17.0371   **  -16.6396     5.5612 
 -35.000   0.00430  -0.00773   0.00885   -60.908  -25.7137   **   0.02181   0.01106   0.02445    26.879  -16.8811   **  -16.3471     6.5815 
 -34.000   0.00206  -0.01180   0.01198   -80.094  -23.0786   **   0.02230   0.01087   0.02481    25.987  -16.7561   **  -15.8457     9.1512 
 -33.000  -0.00043  -0.01618   0.01619   -91.519  -20.4647   **   0.02271   0.01064   0.02508    25.090  -16.6612   **  -15.1489    13.3304 
 -32.000  -0.00317  -0.02087   0.02111   -98.645  -18.1577   **   0.02305   0.01035   0.02527    24.178  -16.5959   **  -14.2966    20.9477 
 -31.000  -0.00618  -0.02588   0.02660  -103.422  -16.1497   **   0.02332   0.01001   0.02538    23.244  -16.5597   **  -13.3396    32.5434 
 -30.000  -0.00944  -0.03119   0.03259  -106.831  -14.3861   **   0.02350   0.00963   0.02540    22.280  -16.5523   **  -12.3253    18.1277 
 -29.000  -0.01296  -0.03683   0.03904  -109.386  -12.8171   **   0.02361   0.00919   0.02533    21.278  -16.5737   **  -11.2909    13.4349 
 -28.000  -0.01674  -0.04278   0.04594  -111.376  -11.4040   **   0.02364   0.00871   0.02519    20.228  -16.6237   **  -10.2625    10.7001 
 -27.000  -0.02079  -0.04905   0.05327  -112.973  -10.1183   **   0.02359   0.00818   0.02496    19.120  -16.7024   **   -9.2562     8.8294 
 -26.000  -0.02510  -0.05562   0.06102  -114.287   -8.9382   **   0.02346   0.00760   0.02465    17.943  -16.8100   **   -8.2815     7.4430 
 -25.000  -0.02966  -0.06251   0.06919  -115.388   -7.8474   **   0.02325   0.00697   0.02427    16.685  -16.9468   **   -7.3435     6.3638 
 -24.000  -0.03448  -0.06969   0.07776  -116.327   -6.8332   **   0.02296   0.00630   0.02381    15.332  -17.1129   **   -6.4440     5.4956 
 -23.000  -0.03956  -0.07717   0.08672  -117.138   -5.8855   **   0.02260   0.00558   0.02328    13.866  -17.3088   **   -5.5833     4.7802 
 -22.000  -0.04487  -0.08495   0.09607  -117.846   -4.9963   **   0.02216   0.00482   0.02268    12.270  -17.5346   **   -4.7607     4.1802 
 -21.000  -0.05043  -0.09300   0.10579  -118.470   -4.1591   **   0.02165   0.00402   0.02202    10.522  -17.7906   **   -3.9748     3.6700 
 -20.000  -0.05622  -0.10132   0.11587  -119.024   -3.3686   **   0.02107   0.00318   0.02131     8.595  -18.0768   **   -3.2242     3.2315 
 -19.000  -0.06223  -0.10990   0.12629  -119.521   -2.6204   **   0.02042   0.00231   0.02055     6.459  -18.3926   **   -2.5069     2.8517 
 -18.000  -0.06846  -0.11872   0.13705  -119.968   -1.9107   **   0.01970   0.00141   0.01975     4.081  -18.7373   **   -1.8215     2.5209 
 -17.000  -0.07489  -0.12778   0.14811  -120.373   -1.2364   **   0.01892   0.00047   0.01892     1.418  -19.1092   **   -1.1661     2.2314 
 -16.000  -0.08151  -0.13706   0.15946  -120.741   -0.5949   **   0.01807  -0.00050   0.01808    -1.574  -19.5053   **   -0.5394     1.9779 
 -15.000  -0.08831  -0.14653   0.17109  -121.077    0.0164   **   0.01717  -0.00149   0.01723    -4.948  -19.9210   **    0.0602     1.7557 
 -14.000  -0.09528  -0.15619   0.18296  -121.385    0.5992   **   0.01621  -0.00250   0.01640    -8.759  -20.3494   **    0.6340     1.5616 
 -13.000  -0.10241  -0.16602   0.19506  -121.668    1.1555   **   0.01521  -0.00353   0.01561   -13.061  -20.7804   **    1.1832     1.3931 
 -12.000  -0.10967  -0.17599   0.20737  -121.929    1.6867   **   0.01415  -0.00457   0.01487   -17.904  -21.2001   **    1.7090     1.2481 
 -11.000  -0.11705  -0.18609   0.21984  -122.170    2.1943   **   0.01306  -0.00563   0.01422   -23.318  -21.5904   **    2.2124     1.1252 
 -10.000  -0.12454  -0.19630   0.23247  -122.394    2.6794   **   0.01193  -0.00669   0.01368   -29.298  -21.9293   **    2.6944     1.0231 
  -9.000  -0.13212  -0.20658   0.24522  -122.601    3.1431   **   0.01076  -0.00776   0.01327   -35.792  -22.1924   **    3.1558     0.9408 
  -8.000  -0.13977  -0.21693   0.25806  -122.794    3.5864   **   0.00957  -0.00883   0.01302   -42.687  -22.3568   **    3.5974     0.8771 
  -7.000  -0.14747  -0.22732   0.27096  -122.973    4.0102   **   0.00835  -0.00989   0.01295   -49.808  -22.4052   **    4.0201     0.8306 
  -6.000  -0.15520  -0.23772   0.28390  -123.140    4.4152   **   0.00712  -0.01094   0.01306   -56.943  -22.3306   **    4.4243     0.7996 
  -5.000  -0.16295  -0.24810   0.29683  -123.296    4.8021   **   0.00588  -0.01199   0.01335   -63.875  -22.1382   **    4.8109     0.7818 
  -4.000  -0.17069  -0.25845   0.30973  -123.442    5.1717   **   0.00463  -0.01301   0.01381   -70.422  -21.8439   **    5.1804     0.7751 
  -3.000  -0.17841  -0.26874   0.32257  -123.578    5.5245   **   0.00338  -0.01402   0.01442   -76.460  -21.4701   **    5.5332     0.7770 
  -2.000  -0.18608  -0.27895   0.33531  -123.706    5.8610   **   0.00213  -0.01500   0.01515   -81.924  -21.0413   **    5.8699     0.7853 
  -1.000  -0.19368  -0.28904   0.34793  -123.825    6.1818   **   0.00089  -0.01595   0.01597   -86.805  -20.5803   **    6.1909     0.7981 
   0.000  -0.20119  -0.29899   0.36038  -123.937    6.4872   **  -0.00033  -0.01687   0.01687   -91.129  -20.1062   **    6.4967     0.8138 
   1.000  -0.20860  -0.30878   0.37264  -124.041    6.7778   **  -0.00153  -0.01775   0.01781   -94.939  -19.6335   **    6.7877     0.8310 
   2.000  -0.21588  -0.31838   0.38467  -124.139    7.0538   **  -0.00271  -0.01859   0.01878   -98.292  -19.1732   **    7.0641     0.8489 
   3.000  -0.22301  -0.32777   0.39645  -124.230    7.3157   **  -0.00385  -0.01938   0.01976  -101.241  -18.7329   **    7.3264     0.8665 
   4.000  -0.22997  -0.33693   0.40793  -124.316    7.5637   **  -0.00496  -0.02012   0.02073  -103.840  -18.3177   **    7.5749     0.8834 
   5.000  -0.23675  -0.34582   0.41909  -124.396    7.7982   **  -0.00602  -0.02082   0.02167  -106.133  -17.9309   **    7.8098     0.8990 
   6.000  -0.24332  -0.35442   0.42991  -124.471    8.0195   **  -0.00704  -0.02145   0.02258  -108.163  -17.5747   **    8.0314     0.9131 
   7.000  -0.24967  -0.36272   0.44034  -124.541    8.2277   **  -0.00800  -0.02203   0.02344  -109.963  -17.2502   **    8.2400     0.9255 
   8.000  -0.25577  -0.37069   0.45036  -124.605    8.4233   **  -0.00891  -0.02254   0.02424  -111.564  -16.9583   **    8.4358     0.9358 
   9.000  -0.26162  -0.37830   0.45995  -124.666    8.6063   **  -0.00975  -0.02299   0.02497  -112.991  -16.6992   **    8.6191     0.9441 
  10.000  -0.26719  -0.38555   0.46908  -124.722    8.7770   **  -0.01053  -0.02337   0.02563  -114.266  -16.4731   **    8.7899     0.9501 
  11.000  -0.27247  -0.39241   0.47773  -124.774    8.9356   **  -0.01124  -0.02367   0.02621  -115.405  -16.2801   **    8.9486     0.9539 
  12.000  -0.27744  -0.39886   0.48586  -124.822    9.0822   **  -0.01188  -0.02390   0.02669  -116.425  -16.1204   **    9.0953     0.9553 
  13.000  -0.28209  -0.40489   0.49347  -124.866    9.2172   **  -0.01244  -0.02406   0.02708  -117.337  -15.9941   **    9.2302     0.9544 
  14.000  -0.28642  -0.41047   0.50052  -124.906    9.3405   **  -0.01292  -0.02414   0.02737  -118.152  -15.9014   **    9.3534     0.9510 
  15.000  -0.29039  -0.41561   0.50701  -124.943    9.4523   **  -0.01331  -0.02413   0.02756  -118.879  -15.8428   **    9.4651     0.9452 
  16.000  -0.29402  -0.42028   0.51291  -124.976    9.5529   **  -0.01362  -0.02405   0.02764  -119.525  -15.8188   **    9.5654     0.9369 
  17.000  -0.29728  -0.42447   0.51822  -125.006    9.6422   **  -0.01384  -0.02388   0.02760  -120.095  -15.8302   **    9.6545     0.9261 
  18.000  -0.30017  -0.42817   0.52291  -125.032    9.7205   **  -0.01397  -0.02363   0.02745  -120.594  -15.8781   **    9.7324     0.9127 
  19.000  -0.30268  -0.43138   0.52697  -125.055    9.7878   **  -0.01401  -0.02329   0.02718  -121.024  -15.9638   **    9.7993     0.8967 
  20.000  -0.30480  -0.43409   0.53041  -125.075    9.8442   **  -0.01395  -0.02287   0.02679  -121.388  -16.0891   **    9.8553     0.8781 
  21.000  -0.30654  -0.43628   0.53321  -125.092    9.8899   **  -0.01380  -0.02236   0.02628  -121.686  -16.2561   **    9.9004     0.8568 
  22.000  -0.30788  -0.43797   0.53536  -125.106    9.9248   **  -0.01356  -0.02177   0.02565  -121.916  -16.4674   **    9.9348     0.8329 
  23.000  -0.30882  -0.43914   0.53686  -125.117    9.9492   **  -0.01322  -0.02109   0.02489  -122.077  -16.7262   **    9.9585     0.8061 
  24.000  -0.30937  -0.43980   0.53771  -125.124    9.9630   **  -0.01279  -0.02033   0.02402  -122.162  -17.0368   **    9.9716     0.7765 
  25.000  -0.30953  -0.43994   0.53792  -125.129    9.9663   **  -0.01226  -0.01949   0.02302  -122.166  -17.4041   **    9.9742     0.7440 
  26.000  -0.30928  -0.43957   0.53747  -125.130    9.9591   **  -0.01164  -0.01857   0.02191  -122.075  -17.8346   **    9.9663     0.7086 
  27.000  -0.30865  -0.43869   0.53639  -125.129    9.9416   **  -0.01092  -0.01756   0.02068  -121.874  -18.3363   **    9.9480     0.6701 
  28.000  -0.30762  -0.43731   0.53467  -125.124    9.9137   **  -0.01012  -0.01648   0.01934  -121.540  -18.9196   **    9.9193     0.6286 
  29.000  -0.30621  -0.43543   0.53232  -125.116    9.8754   **  -0.00922  -0.01532   0.01788  -121.036  -19.5983   **    9.8803     0.5839 
  30.000  -0.30442  -0.43306   0.52935  -125.105    9.8269   **  -0.00824  -0.01409   0.01633  -120.311  -20.3905   **    9.8310     0.5359 
  31.000  -0.30226  -0.43021   0.52578  -125.091    9.7680   **  -0.00717  -0.01279   0.01467  -119.280  -21.3211   **    9.7714     0.4847 
  32.000  -0.29973  -0.42689   0.52161  -125.073    9.6988   **  -0.00603  -0.01142   0.01292  -117.807  -22.4252   **    9.7015     0.4303 
  33.000  -0.29684  -0.42311   0.51686  -125.052    9.6194   **  -0.00480  -0.00999   0.01108  -115.653  -23.7535   **    9.6214     0.3726 
  34.000  -0.29361  -0.41889   0.51154  -125.028    9.5296   **  -0.00350  -0.00850   0.00919  -112.364  -25.3818   **    9.5310     0.3121 
  35.000  -0.29005  -0.41423   0.50568  -125.000    9.4295   **  -0.00212  -0.00695   0.00727  -106.988  -27.4232   **    9.4304     0.2496 
  36.000  -0.28616  -0.40915   0.49929  -124.968    9.3190   **  -0.00068  -0.00534   0.00539   -97.260  -30.0203   **    9.3195     0.1875 
  37.000  -0.28195  -0.40367   0.49239  -124.933    9.1982   **   0.00082  -0.00369   0.00378   -77.403  -33.0925   **    9.1984     0.1335 
  38.000  -0.27744  -0.39781   0.48500  -124.893    9.0668   **   0.00239  -0.00199   0.00311   -39.835  -34.7853   **    9.0670     0.1115 
  39.000  -0.27265  -0.39157   0.47714  -124.850    8.9249   **   0.00401  -0.00026   0.00402    -3.656  -32.5664   **    8.9253     0.1463 
  40.000  -0.26759  -0.38498   0.46884  -124.802    8.7725   **   0.00568   0.00152   0.00588    14.949  -29.2605   **    8.7732     0.2179 
  41.000  -0.26226  -0.37806   0.46012  -124.749    8.6093   **   0.00740   0.00332   0.00811    24.174  -26.4698   **    8.6107     0.3061 
  42.000  -0.25669  -0.37082   0.45099  -124.692    8.4354   **   0.00915   0.00515   0.01050    29.360  -24.2226   **    8.4377     0.4046 
  43.000  -0.25089  -0.36328   0.44150  -124.630    8.2505   **   0.01094   0.00700   0.01299    32.597  -22.3756   **    8.2543     0.5113 
  44.000  -0.24487  -0.35547   0.43165  -124.562    8.0546   **   0.01276   0.00886   0.01554    34.770  -20.8193   **    8.0603     0.6257 
  45.000  -0.23866  -0.34740   0.42148  -124.488    7.8476   **   0.01461   0.01073   0.01813    36.308  -19.4802   **    7.8556     0.7477 
  46.000  -0.23226  -0.33910   0.41101  -124.409    7.6291   **   0.01647   0.01261   0.02075    37.437  -18.3092   **    7.6402     0.8776 
  47.000  -0.22570  -0.33058   0.40027  -124.323    7.3991   **   0.01835   0.01449   0.02338    38.290  -17.2718   **    7.4139     1.0158 
  48.000  -0.21898  -0.32186   0.38929  -124.230    7.1574   **   0.02023   0.01635   0.02601    38.946  -16.3438   **    7.1768     1.1626 
  49.000  -0.21213  -0.31297   0.37808  -124.129    6.9037   **   0.02212   0.01820   0.02865    39.459  -15.5070   **    6.9286     1.3187 
  50.000  -0.20516  -0.30392   0.36668  -124.021    6.6378   **   0.02400   0.02004   0.03126    39.862  -14.7478   **    6.6692     1.4846 
  51.000  -0.19808  -0.29473   0.35511  -123.904    6.3593   **   0.02586   0.02184   0.03385    40.182  -14.0558   **    6.3986     1.6612 
  52.000  -0.19092  -0.28543   0.34340  -123.777    6.0679   **   0.02772   0.02362   0.03641    40.434  -13.4227   **    6.1165     1.8490 
  53.000  -0.18368  -0.27604   0.33157  -123.641    5.7634   **   0.02955   0.02535   0.03893    40.632  -12.8420   **    5.8229     2.0492 
  54.000  -0.17639  -0.26657   0.31964  -123.493    5.4452   **   0.03135   0.02704   0.04140    40.785  -12.3083   **    5.5175     2.2626 
  55.000  -0.16905  -0.25704   0.30765  -123.332    5.1130   **   0.03311   0.02868   0.04381    40.901  -11.8173   **    5.2002     2.4905 
  56.000  -0.16169  -0.24747   0.29561  -123.159    4.7663   **   0.03484   0.03026   0.04615    40.983  -11.3654   **    4.8708     2.7342 
  57.000  -0.15431  -0.23788   0.28355  -122.971    4.4044   **   0.03651   0.03178   0.04841    41.038  -10.9498   **    4.5292     2.9951 
  58.000  -0.14693  -0.22829   0.27149  -122.766    4.0269   **   0.03814   0.03323   0.05058    41.066  -10.5679   **    4.1751     3.2750 
  59.000  -0.13957  -0.21871   0.25945  -122.543    3.6330   **   0.03970   0.03460   0.05266    41.072  -10.2176   **    3.8084     3.5759 
  60.000  -0.13223  -0.20916   0.24746  -122.300    3.2220   **   0.04120   0.03589   0.05464    41.056   -9.8974   **    3.4287     3.9002 
  61.000  -0.12493  -0.19966   0.23553  -122.035    2.7929   **   0.04263   0.03709   0.05651    41.020   -9.6057   **    3.0360     4.2507 
  62.000  -0.11769  -0.19023   0.22369  -121.744    2.3449   **   0.04399   0.03819   0.05825    40.965   -9.3414   **    2.6299     4.6307 
  63.000  -0.11051  -0.18087   0.21196  -121.425    1.8769   **   0.04526   0.03919   0.05987    40.890   -9.1036   **    2.2103     5.0442 
  64.000  -0.10340  -0.17160   0.20035  -121.072    1.3876   **   0.04645   0.04009   0.06135    40.796   -8.8915   **    1.7769     5.4961 
  65.000  -0.09638  -0.16244   0.18888  -120.683    0.8756   **   0.04754   0.04086   0.06269    40.683   -8.7045   **    1.3295     5.9924 
  66.000  -0.08946  -0.15339   0.17757  -120.251    0.3394   **   0.04853   0.04152   0.06387    40.550   -8.5423   **    0.8678     6.5407 
  67.000  -0.08264  -0.14448   0.16644  -119.770   -0.2228   **   0.04942   0.04205   0.06489    40.396   -8.4047   **    0.3917     7.1508 
  68.000  -0.07594  -0.13570   0.15550  -119.231   -0.8132   **   0.05020   0.04245   0.06574    40.220   -8.2914   **   -0.0991     7.8354 
  69.000  -0.06936  -0.12708   0.14477  -118.624   -1.4342   **   0.05086   0.04271   0.06642    40.020   -8.2027   **   -0.6047     8.6116 
  70.000  -0.06291  -0.11862   0.13427  -117.938   -2.0884   **   0.05141   0.04282   0.06691    39.794   -8.1387   **   -1.1252     9.5030 
  71.000  -0.05660  -0.11033   0.12400  -117.156   -2.7793   **   0.05183   0.04279   0.06721    39.541   -8.0998   **   -1.6609    10.5436 
  72.000  -0.05043  -0.10223   0.11399  -116.259   -3.5105   **   0.05212   0.04259   0.06731    39.256   -8.0866   **   -2.2115    11.7847 
  73.000  -0.04442  -0.09431   0.10425  -115.221   -4.2865   **   0.05228   0.04224   0.06721    38.937   -8.0998   **   -2.7772    13.3089 
  74.000  -0.03857  -0.08659   0.09479  -114.009   -5.1126   **   0.05229   0.04171   0.06689    38.578   -8.1404   **   -3.3575    15.2617 
  75.000  -0.03288  -0.07907   0.08564  -112.578   -5.9949   **   0.05217   0.04102   0.06636    38.176   -8.2096   **   -3.9523    17.9377 
  76.000  -0.02736  -0.07176   0.07680  -110.869   -6.9406   **   0.05190   0.04014   0.06561    37.723   -8.3087   **   -4.5607    22.0927 
  77.000  -0.02201  -0.06467   0.06831  -108.797   -7.9581   **   0.05147   0.03908   0.06463    37.211   -8.4395   **   -5.1818    31.1481 
  78.000  -0.01684  -0.05779   0.06020  -106.246   -9.0565   **   0.05089   0.03784   0.06342    36.630   -8.6041   **   -5.8141    31.6890 
  79.000  -0.01185  -0.05114   0.05250  -103.048  -10.2453   **   0.05015   0.03640   0.06197    35.970   -8.8049   **   -6.4554    21.6473 
  80.000  -0.00705  -0.04472   0.04527   -98.954  -11.5319   **   0.04925   0.03476   0.06028    35.214   -9.0449   **   -7.1024    16.9424 
  81.000  -0.00243  -0.03852   0.03860   -93.604  -12.9161   **   0.04818   0.03292   0.05835    34.343   -9.3275   **   -7.7509    13.8205 
  82.000   0.00200  -0.03256   0.03263   -86.477  -14.3770   **   0.04694   0.03087   0.05618    33.332   -9.6568   **   -8.3946    11.5280 
  83.000   0.00625  -0.02684   0.02755   -76.900  -15.8440   **   0.04552   0.02861   0.05377    32.149  -10.0380   **   -9.0251     9.8345 
  84.000   0.01029  -0.02135   0.02370   -64.256  -17.1526   **   0.04393   0.02614   0.05112    30.750  -10.4767   **   -9.6310     8.7201 
  85.000   0.01415  -0.01610   0.02143   -48.680  -18.0263   **   0.04216   0.02344   0.04824    29.076  -10.9799   **  -10.1975     8.2964 
  86.000   0.01781  -0.01108   0.02098   -31.888  -18.2114   **   0.04021   0.02053   0.04515    27.047  -11.5557   **  -10.7064     8.7441 
  87.000   0.02129  -0.00631   0.02220   -16.508  -17.7209   **   0.03807   0.01739   0.04186    24.549  -12.2130   **  -11.1364    10.2616 
  88.000   0.02456  -0.00177   0.02463    -4.123  -16.8203   **   0.03575   0.01402   0.03840    21.417  -12.9612   **  -11.4652    13.2085 
  89.000   0.02765   0.00253   0.02776     5.229  -15.7792   **   0.03324   0.01042   0.03483    17.413  -13.8078   **  -11.6723    18.9384 
  90.000   0.03054   0.00659   0.03124    12.186  -14.7534   **   0.03054   0.00659   0.03124    12.186  -14.7534   **  -11.7431    60.0000 




