 [antenna_field.dat]

  É” = 90.000 Åãplane
   --    >>-------   -------   --EÉ”--   -------   -------<< ** >>-------   -------   --EÉ∆--   -------   -------<< ** >>-------   --------<<
 É∆(deg)   FRAD.re   FRAD.im    |FRAD|    FPHASE  FGAI(dB)   **   TRAD.re   TRAD.im    |TRAD|    TPHASE  TGAI(dB)   ** TFGAI(dB)    TPHASE
 -90.000  -0.14869  -0.21950   0.26512  -124.114   -3.2177   **  -0.01088   0.00504   0.01199   155.133  -30.1087   **   -3.2088  -279.2468 
 -89.000  -0.15294  -0.21617   0.26480  -125.279   -3.2279   **   0.00030   0.00412   0.00413    85.875  -39.3756   **   -3.2269  -211.1538 
 -88.000  -0.15703  -0.21305   0.26467  -126.392   -3.2322   **   0.01129   0.00299   0.01168    14.853  -30.3388   **   -3.2238  -141.2451 
 -87.000  -0.16096  -0.21015   0.26471  -127.451   -3.2310   **   0.02209   0.00168   0.02215     4.346  -24.7787   **   -3.2007  -131.7964 
 -86.000  -0.16474  -0.20744   0.26490  -128.455   -3.2247   **   0.03269   0.00017   0.03269     0.299  -21.3990   **   -3.1591  -128.7541 
 -85.000  -0.16836  -0.20494   0.26523  -129.404   -3.2139   **   0.04308  -0.00153   0.04311    -2.032  -18.9955   **   -3.1006  -127.3719 
 -84.000  -0.17183  -0.20264   0.26569  -130.296   -3.1988   **   0.05326  -0.00342   0.05337    -3.671  -17.1403   **   -3.0270  -126.6258 
 -83.000  -0.17515  -0.20055   0.26627  -131.133   -3.1800   **   0.06323  -0.00549   0.06346    -4.966  -15.6359   **   -2.9401  -126.1672 
 -82.000  -0.17832  -0.19865   0.26695  -131.914   -3.1579   **   0.07297  -0.00776   0.07338    -6.068  -14.3753   **   -2.8416  -125.8458 
 -81.000  -0.18135  -0.19695   0.26772  -132.639   -3.1327   **   0.08248  -0.01020   0.08310    -7.053  -13.2938   **   -2.7332  -125.5861 
 -80.000  -0.18422  -0.19544   0.26858  -133.308   -3.1050   **   0.09175  -0.01283   0.09265    -7.962  -12.3499   **   -2.6167  -125.3461 
 -79.000  -0.18696  -0.19412   0.26951  -133.923   -3.0749   **   0.10079  -0.01564   0.10200    -8.822  -11.5147   **   -2.4935  -125.1010 
 -78.000  -0.18954  -0.19300   0.27051  -134.483   -3.0427   **   0.10958  -0.01863   0.11115    -9.647  -10.7679   **   -2.3651  -124.8351 
 -77.000  -0.19199  -0.19207   0.27157  -134.989   -3.0088   **   0.11812  -0.02179   0.12012   -10.451  -10.0943   **   -2.2328  -124.5382 
 -76.000  -0.19430  -0.19132   0.27268  -135.442   -2.9733   **   0.12641  -0.02512   0.12888   -11.239   -9.4824   **   -2.0976  -124.2034 
 -75.000  -0.19646  -0.19076   0.27384  -135.843   -2.9365   **   0.13444  -0.02862   0.13745   -12.017   -8.9232   **   -1.9606  -123.8261 
 -74.000  -0.19849  -0.19039   0.27504  -136.193   -2.8985   **   0.14221  -0.03228   0.14583   -12.790   -8.4095   **   -1.8226  -123.4029 
 -73.000  -0.20037  -0.19020   0.27627  -136.492   -2.8596   **   0.14971  -0.03611   0.15400   -13.560   -7.9357   **   -1.6845  -122.9316 
 -72.000  -0.20212  -0.19020   0.27754  -136.740   -2.8198   **   0.15694  -0.04009   0.16198   -14.330   -7.4970   **   -1.5468  -122.4106 
 -71.000  -0.20373  -0.19038   0.27884  -136.940   -2.7793   **   0.16390  -0.04423   0.16976   -15.101   -7.0896   **   -1.4100  -121.8388 
 -70.000  -0.20520  -0.19074   0.28016  -137.092   -2.7381   **   0.17058  -0.04851   0.17734   -15.876   -6.7102   **   -1.2748  -121.2156 
 -69.000  -0.20654  -0.19129   0.28151  -137.196   -2.6964   **   0.17697  -0.05294   0.18472   -16.655   -6.3560   **   -1.1413  -120.5405 
 -68.000  -0.20774  -0.19201   0.28289  -137.253   -2.6542   **   0.18309  -0.05751   0.19191   -17.440   -6.0246   **   -1.0100  -119.8131 
 -67.000  -0.20880  -0.19292   0.28428  -137.264   -2.6114   **   0.18891  -0.06222   0.19889   -18.230   -5.7140   **   -0.8810  -119.0333 
 -66.000  -0.20972  -0.19401   0.28570  -137.229   -2.5682   **   0.19444  -0.06706   0.20568   -19.028   -5.4224   **   -0.7546  -118.2012 
 -65.000  -0.21051  -0.19528   0.28714  -137.150   -2.5245   **   0.19968  -0.07202   0.21228   -19.833   -5.1484   **   -0.6309  -117.3168 
 -64.000  -0.21116  -0.19673   0.28861  -137.026   -2.4802   **   0.20463  -0.07710   0.21867   -20.646   -4.8904   **   -0.5099  -116.3801 
 -63.000  -0.21168  -0.19837   0.29010  -136.859   -2.4355   **   0.20928  -0.08230   0.22488   -21.468   -4.6474   **   -0.3918  -115.3915 
 -62.000  -0.21206  -0.20018   0.29162  -136.650   -2.3901   **   0.21362  -0.08761   0.23089   -22.299   -4.4182   **   -0.2765  -114.3512 
 -61.000  -0.21230  -0.20218   0.29317  -136.398   -2.3440   **   0.21767  -0.09302   0.23671   -23.138   -4.2020   **   -0.1641  -113.2593 
 -60.000  -0.21240  -0.20437   0.29475  -136.104   -2.2972   **   0.22141  -0.09852   0.24234   -23.988   -3.9978   **   -0.0545  -112.1164 
 -59.000  -0.21236  -0.20673   0.29637  -135.770   -2.2495   **   0.22485  -0.10412   0.24778   -24.847   -3.8049   **    0.0523  -110.9227 
 -58.000  -0.21219  -0.20929   0.29804  -135.395   -2.2009   **   0.22798  -0.10980   0.25304   -25.716   -3.6225   **    0.1565  -109.6787 
 -57.000  -0.21188  -0.21203   0.29975  -134.981   -2.1511   **   0.23080  -0.11556   0.25811   -26.596   -3.4501   **    0.2580  -108.3850 
 -56.000  -0.21144  -0.21495   0.30152  -134.528   -2.1002   **   0.23332  -0.12138   0.26300   -27.486   -3.2871   **    0.3571  -107.0420 
 -55.000  -0.21086  -0.21807   0.30334  -134.037   -2.0478   **   0.23553  -0.12727   0.26771   -28.386   -3.1329   **    0.4537  -105.6506 
 -54.000  -0.21014  -0.22137   0.30523  -133.508   -1.9939   **   0.23743  -0.13322   0.27225   -29.297   -2.9871   **    0.5481  -104.2113 
 -53.000  -0.20928  -0.22487   0.30719  -132.944   -1.9383   **   0.23902  -0.13922   0.27661   -30.219   -2.8491   **    0.6404  -102.7250 
 -52.000  -0.20829  -0.22855   0.30922  -132.344   -1.8809   **   0.24030  -0.14525   0.28079   -31.152   -2.7187   **    0.7307  -101.1927 
 -51.000  -0.20716  -0.23243   0.31135  -131.711   -1.8214   **   0.24128  -0.15133   0.28481   -32.095   -2.5953   **    0.8192   -99.6154 
 -50.000  -0.20590  -0.23650   0.31357  -131.044   -1.7597   **   0.24195  -0.15742   0.28866   -33.050   -2.4787   **    0.9059   -97.9942 
 -49.000  -0.20451  -0.24076   0.31589  -130.346   -1.6956   **   0.24232  -0.16354   0.29234   -34.015   -2.3686   **    0.9912   -96.3306 
 -48.000  -0.20298  -0.24521   0.31832  -129.617   -1.6290   **   0.24238  -0.16967   0.29586   -34.992   -2.2645   **    1.0752   -94.6257 
 -47.000  -0.20132  -0.24986   0.32087  -128.860   -1.5597   **   0.24215  -0.17579   0.29923   -35.979   -2.1662   **    1.1579   -92.8813 
 -46.000  -0.19954  -0.25470   0.32355  -128.076   -1.4875   **   0.24161  -0.18192   0.30244   -36.977   -2.0735   **    1.2397   -91.0990 
 -45.000  -0.19762  -0.25973   0.32637  -127.267   -1.4122   **   0.24078  -0.18803   0.30550   -37.986   -1.9861   **    1.3206   -89.2805 
 -44.000  -0.19558  -0.26496   0.32933  -126.434   -1.3338   **   0.23966  -0.19411   0.30841   -39.006   -1.9038   **    1.4008   -87.4279 
 -43.000  -0.19342  -0.27038   0.33244  -125.579   -1.2521   **   0.23825  -0.20017   0.31117   -40.036   -1.8263   **    1.4806   -85.5432 
 -42.000  -0.19114  -0.27598   0.33571  -124.705   -1.1671   **   0.23655  -0.20619   0.31380   -41.077   -1.7534   **    1.5600   -83.6286 
 -41.000  -0.18874  -0.28178   0.33915  -123.814   -1.0785   **   0.23457  -0.21216   0.31628   -42.128   -1.6849   **    1.6392   -81.6863 
 -40.000  -0.18622  -0.28777   0.34277  -122.908   -0.9864   **   0.23231  -0.21807   0.31863   -43.189   -1.6207   **    1.7183   -79.7189 
 -39.000  -0.18360  -0.29394   0.34656  -121.990   -0.8907   **   0.22978  -0.22392   0.32084   -44.261   -1.5606   **    1.7976   -77.7287 
 -38.000  -0.18086  -0.30029   0.35055  -121.061   -0.7914   **   0.22697  -0.22970   0.32293   -45.342   -1.5043   **    1.8771   -75.7183 
 -37.000  -0.17803  -0.30682   0.35473  -120.124   -0.6885   **   0.22391  -0.23540   0.32488   -46.434   -1.4518   **    1.9569   -73.6904 
 -36.000  -0.17509  -0.31352   0.35910  -119.182   -0.5820   **   0.22058  -0.24101   0.32672   -47.534   -1.4029   **    2.0372   -71.6474 
 -35.000  -0.17206  -0.32040   0.36368  -118.237   -0.4720   **   0.21701  -0.24653   0.32843   -48.644   -1.3574   **    2.1181   -69.5921 
 -34.000  -0.16894  -0.32744   0.36845  -117.291   -0.3587   **   0.21318  -0.25194   0.33003   -49.764   -1.3153   **    2.1996   -67.5271 
 -33.000  -0.16573  -0.33465   0.37344  -116.347   -0.2420   **   0.20911  -0.25724   0.33151   -50.892   -1.2764   **    2.2818   -65.4549 
 -32.000  -0.16245  -0.34200   0.37862  -115.407   -0.1222   **   0.20481  -0.26242   0.33288   -52.029   -1.2405   **    2.3648   -63.3781 
 -31.000  -0.15909  -0.34951   0.38401  -114.474    0.0005   **   0.20028  -0.26747   0.33414   -53.175   -1.2077   **    2.4486   -61.2992 
 -30.000  -0.15566  -0.35716   0.38960  -113.549    0.1261   **   0.19553  -0.27239   0.33530   -54.329   -1.1777   **    2.5332   -59.2206 
 -29.000  -0.15217  -0.36494   0.39539  -112.635    0.2542   **   0.19056  -0.27716   0.33635   -55.491   -1.1506   **    2.6187   -57.1445 
 -28.000  -0.14863  -0.37284   0.40137  -111.734    0.3846   **   0.18538  -0.28179   0.33730   -56.661   -1.1261   **    2.7049   -55.0730 
 -27.000  -0.14503  -0.38086   0.40754  -110.847    0.5171   **   0.18000  -0.28626   0.33815   -57.839   -1.1042   **    2.7920   -53.0082 
 -26.000  -0.14140  -0.38899   0.41389  -109.976    0.6514   **   0.17442  -0.29057   0.33890   -59.024   -1.0849   **    2.8797   -50.9519 
 -25.000  -0.13773  -0.39721   0.42042  -109.123    0.7872   **   0.16866  -0.29471   0.33956   -60.218   -1.0681   **    2.9682   -48.9059 
 -24.000  -0.13403  -0.40552   0.42710  -108.290    0.9242   **   0.16272  -0.29867   0.34012   -61.418   -1.0537   **    3.0572   -46.8717 
 -23.000  -0.13032  -0.41391   0.43394  -107.477    1.0622   **   0.15660  -0.30246   0.34060   -62.626   -1.0416   **    3.1467   -44.8507 
 -22.000  -0.12659  -0.42235   0.44091  -106.685    1.2007   **   0.15033  -0.30606   0.34098   -63.841   -1.0318   **    3.2367   -42.8441 
 -21.000  -0.12286  -0.43084   0.44802  -105.916    1.3395   **   0.14389  -0.30946   0.34128   -65.063   -1.0242   **    3.3269   -40.8531 
 -20.000  -0.11913  -0.43937   0.45524  -105.171    1.4784   **   0.13731  -0.31267   0.34149   -66.292   -1.0187   **    3.4172   -38.8784 
 -19.000  -0.11542  -0.44792   0.46255  -104.449    1.6169   **   0.13058  -0.31568   0.34162   -67.528   -1.0154   **    3.5075   -36.9209 
 -18.000  -0.11172  -0.45648   0.46995  -103.753    1.7548   **   0.12372  -0.31849   0.34167   -68.771   -1.0141   **    3.5976   -34.9812 
 -17.000  -0.10805  -0.46503   0.47742  -103.081    1.8917   **   0.11673  -0.32109   0.34165   -70.021   -1.0148   **    3.6875   -33.0596 
 -16.000  -0.10442  -0.47356   0.48494  -102.435    2.0274   **   0.10962  -0.32347   0.34154   -71.279   -1.0175   **    3.7768   -31.1567 
 -15.000  -0.10084  -0.48205   0.49249  -101.815    2.1616   **   0.10241  -0.32564   0.34136   -72.543   -1.0221   **    3.8655   -29.2724 
 -14.000  -0.09731  -0.49049   0.50005  -101.221    2.2939   **   0.09509  -0.32759   0.34111   -73.814   -1.0285   **    3.9533   -27.4070 
 -13.000  -0.09383  -0.49886   0.50761  -100.653    2.4242   **   0.08767  -0.32932   0.34079   -75.092   -1.0367   **    4.0401   -25.5603 
 -12.000  -0.09043  -0.50714   0.51514  -100.110    2.5522   **   0.08017  -0.33082   0.34040   -76.378   -1.0466   **    4.1257   -23.7324 
 -11.000  -0.08711  -0.51532   0.52263   -99.594    2.6776   **   0.07259  -0.33211   0.33995   -77.671   -1.0582   **    4.2099   -21.9229 
 -10.000  -0.08386  -0.52338   0.53006   -99.103    2.8001   **   0.06493  -0.33316   0.33943   -78.972   -1.0714   **    4.2925   -20.1317 
  -9.000  -0.08072  -0.53131   0.53740   -98.638    2.9196   **   0.05721  -0.33399   0.33885   -80.280   -1.0861   **    4.3734   -18.3584 
  -8.000  -0.07767  -0.53908   0.54464   -98.198    3.0359   **   0.04943  -0.33459   0.33822   -81.596   -1.1023   **    4.4524   -16.6026 
  -7.000  -0.07472  -0.54668   0.55176   -97.783    3.1486   **   0.04161  -0.33496   0.33754   -82.919   -1.1200   **    4.5292   -14.8639 
  -6.000  -0.07189  -0.55409   0.55873   -97.393    3.2577   **   0.03374  -0.33511   0.33680   -84.251   -1.1389   **    4.6038   -13.1420 
  -5.000  -0.06919  -0.56129   0.56554   -97.027    3.3629   **   0.02583  -0.33503   0.33602   -85.591   -1.1591   **    4.6760   -11.4363 
  -4.000  -0.06660  -0.56828   0.57217   -96.685    3.4642   **   0.01790  -0.33472   0.33520   -86.938   -1.1804   **    4.7455    -9.7463 
  -3.000  -0.06416  -0.57503   0.57860   -96.366    3.5612   **   0.00995  -0.33418   0.33433   -88.294   -1.2028   **    4.8124    -8.0718 
  -2.000  -0.06185  -0.58153   0.58481   -96.071    3.6539   **   0.00199  -0.33343   0.33343   -89.658   -1.2262   **    4.8763    -6.4122 
  -1.000  -0.05968  -0.58776   0.59078   -95.798    3.7421   **  -0.00598  -0.33245   0.33250   -91.031   -1.2505   **    4.9372    -4.7671 
   0.000  -0.05766  -0.59370   0.59650   -95.547    3.8258   **  -0.01395  -0.33125   0.33155   -92.411   -1.2755   **    4.9950    -3.1362 
   1.000  -0.05579  -0.59935   0.60194   -95.318    3.9047   **  -0.02190  -0.32984   0.33057   -93.799   -1.3012   **    5.0494    -1.5192 
   2.000  -0.05409  -0.60469   0.60710   -95.111    3.9788   **  -0.02984  -0.32821   0.32957   -95.195   -1.3275   **    5.1005     0.0841 
   3.000  -0.05254  -0.60970   0.61196   -94.925    4.0481   **  -0.03776  -0.32638   0.32855   -96.599   -1.3543   **    5.1480     1.6740 
   4.000  -0.05115  -0.61437   0.61650   -94.760    4.1123   **  -0.04564  -0.32433   0.32753   -98.010   -1.3814   **    5.1920     3.2506 
   5.000  -0.04994  -0.61869   0.62071   -94.614    4.1714   **  -0.05348  -0.32209   0.32650   -99.428   -1.4088   **    5.2322     4.8138 
   6.000  -0.04889  -0.62266   0.62457   -94.489    4.2253   **  -0.06128  -0.31964   0.32546  -100.853   -1.4363   **    5.2686     6.3638 
   7.000  -0.04801  -0.62625   0.62809   -94.383    4.2741   **  -0.06902  -0.31700   0.32443  -102.284   -1.4639   **    5.3012     7.9003 
   8.000  -0.04730  -0.62946   0.63124   -94.297    4.3175   **  -0.07671  -0.31418   0.32341  -103.720   -1.4914   **    5.3298     9.4231 
   9.000  -0.04676  -0.63229   0.63402   -94.230    4.3556   **  -0.08432  -0.31117   0.32239  -105.162   -1.5188   **    5.3544    10.9319 
  10.000  -0.04640  -0.63472   0.63641   -94.181    4.3884   **  -0.09185  -0.30798   0.32138  -106.607   -1.5459   **    5.3749    12.4264 
  11.000  -0.04620  -0.63674   0.63842   -94.150    4.4157   **  -0.09931  -0.30461   0.32039  -108.056   -1.5727   **    5.3913    13.9060 
  12.000  -0.04618  -0.63836   0.64003   -94.138    4.4377   **  -0.10667  -0.30108   0.31942  -109.508   -1.5992   **    5.4035    15.3703 
  13.000  -0.04633  -0.63957   0.64125   -94.143    4.4541   **  -0.11393  -0.29739   0.31846  -110.961   -1.6252   **    5.4116    16.8184 
  14.000  -0.04664  -0.64036   0.64206   -94.166    4.4651   **  -0.12108  -0.29354   0.31753  -112.416   -1.6507   **    5.4154    18.2496 
  15.000  -0.04712  -0.64074   0.64247   -94.206    4.4707   **  -0.12812  -0.28954   0.31662  -113.869   -1.6756   **    5.4149    19.6633 
  16.000  -0.04776  -0.64069   0.64247   -94.264    4.4707   **  -0.13504  -0.28539   0.31573  -115.322   -1.7000   **    5.4102    21.0584 
  17.000  -0.04856  -0.64023   0.64207   -94.338    4.4653   **  -0.14183  -0.28111   0.31487  -116.772   -1.7239   **    5.4012    22.4340 
  18.000  -0.04952  -0.63935   0.64126   -94.429    4.4544   **  -0.14848  -0.27670   0.31402  -118.218   -1.7472   **    5.3879    23.7890 
  19.000  -0.05063  -0.63805   0.64006   -94.537    4.4380   **  -0.15498  -0.27217   0.31320  -119.659   -1.7699   **    5.3703    25.1226 
  20.000  -0.05188  -0.63635   0.63846   -94.661    4.4163   **  -0.16134  -0.26751   0.31240  -121.095   -1.7922   **    5.3484    26.4335 
  21.000  -0.05328  -0.63423   0.63646   -94.802    4.3891   **  -0.16753  -0.26275   0.31162  -122.522   -1.8140   **    5.3223    27.7207 
  22.000  -0.05481  -0.63171   0.63408   -94.959    4.3566   **  -0.17356  -0.25788   0.31085  -123.942   -1.8354   **    5.2919    28.9830 
  23.000  -0.05647  -0.62879   0.63133   -95.132    4.3187   **  -0.17941  -0.25292   0.31009  -125.351   -1.8566   **    5.2573    30.2194 
  24.000  -0.05825  -0.62549   0.62820   -95.321    4.2756   **  -0.18508  -0.24786   0.30934  -126.750   -1.8776   **    5.2185    31.4286 
  25.000  -0.06016  -0.62180   0.62471   -95.526    4.2272   **  -0.19057  -0.24272   0.30859  -128.136   -1.8986   **    5.1754    32.6097 
  26.000  -0.06217  -0.61775   0.62087   -95.747    4.1736   **  -0.19585  -0.23751   0.30784  -129.509   -1.9197   **    5.1283    33.7616 
  27.000  -0.06429  -0.61333   0.61669   -95.984    4.1149   **  -0.20093  -0.23223   0.30709  -130.868   -1.9411   **    5.0770    34.8831 
  28.000  -0.06651  -0.60855   0.61218   -96.237    4.0512   **  -0.20580  -0.22688   0.30632  -132.211   -1.9629   **    5.0216    35.9735 
  29.000  -0.06882  -0.60344   0.60735   -96.506    3.9825   **  -0.21046  -0.22148   0.30553  -133.538   -1.9853   **    4.9622    37.0317 
  30.000  -0.07121  -0.59800   0.60223   -96.791    3.9089   **  -0.21489  -0.21604   0.30471  -134.848   -2.0086   **    4.8988    38.0569 
  31.000  -0.07367  -0.59225   0.59681   -97.091    3.8304   **  -0.21909  -0.21055   0.30386  -136.139   -2.0329   **    4.8314    39.0483 
  32.000  -0.07621  -0.58619   0.59113   -97.407    3.7473   **  -0.22306  -0.20502   0.30297  -137.412   -2.0585   **    4.7602    40.0051 
  33.000  -0.07880  -0.57985   0.58518   -97.739    3.6595   **  -0.22678  -0.19947   0.30202  -138.666   -2.0856   **    4.6851    40.9269 
  34.000  -0.08144  -0.57324   0.57899   -98.086    3.5671   **  -0.23026  -0.19390   0.30102  -139.899   -2.1144   **    4.6062    41.8130 
  35.000  -0.08413  -0.56637   0.57258   -98.449    3.4704   **  -0.23348  -0.18831   0.29996  -141.112   -2.1452   **    4.5236    42.6629 
  36.000  -0.08685  -0.55925   0.56596   -98.827    3.3693   **  -0.23644  -0.18272   0.29882  -142.304   -2.1782   **    4.4372    43.4763 
  37.000  -0.08960  -0.55191   0.55914   -99.221    3.2640   **  -0.23915  -0.17712   0.29760  -143.474   -2.2138   **    4.3472    44.2529 
  38.000  -0.09237  -0.54436   0.55214   -99.631    3.1547   **  -0.24158  -0.17153   0.29628  -144.623   -2.2522   **    4.2537    44.9924 
  39.000  -0.09515  -0.53662   0.54499  -100.055    3.0414   **  -0.24374  -0.16596   0.29487  -145.750   -2.2936   **    4.1566    45.6949 
  40.000  -0.09794  -0.52870   0.53769  -100.495    2.9243   **  -0.24563  -0.16040   0.29336  -146.855   -2.3384   **    4.0560    46.3603 
  41.000  -0.10072  -0.52062   0.53027  -100.950    2.8036   **  -0.24723  -0.15486   0.29173  -147.938   -2.3868   **    3.9519    46.9886 
  42.000  -0.10350  -0.51239   0.52274  -101.419    2.6793   **  -0.24856  -0.14935   0.28997  -148.999   -2.4392   **    3.8445    47.5800 
  43.000  -0.10625  -0.50404   0.51511  -101.903    2.5517   **  -0.24959  -0.14388   0.28809  -150.038   -2.4957   **    3.7337    48.1348 
  44.000  -0.10898  -0.49557   0.50741  -102.402    2.4209   **  -0.25034  -0.13845   0.28607  -151.055   -2.5568   **    3.6195    48.6533 
  45.000  -0.11167  -0.48701   0.49965  -102.915    2.2870   **  -0.25079  -0.13307   0.28391  -152.051   -2.6228   **    3.5021    49.1359 
  46.000  -0.11433  -0.47837   0.49185  -103.441    2.1502   **  -0.25096  -0.12773   0.28159  -153.024   -2.6939   **    3.3815    49.5831 
  47.000  -0.11694  -0.46967   0.48401  -103.981    2.0107   **  -0.25082  -0.12246   0.27912  -153.977   -2.7705   **    3.2576    49.9955 
  48.000  -0.11949  -0.46092   0.47616  -104.534    1.8687   **  -0.25039  -0.11725   0.27649  -154.908   -2.8529   **    3.1306    50.3739 
  49.000  -0.12199  -0.45215   0.46831  -105.099    1.7244   **  -0.24967  -0.11211   0.27368  -155.818   -2.9414   **    3.0004    50.7189 
  50.000  -0.12442  -0.44335   0.46048  -105.676    1.5778   **  -0.24864  -0.10704   0.27070  -156.708   -3.0365   **    2.8670    51.0315 
  51.000  -0.12678  -0.43455   0.45267  -106.265    1.4293   **  -0.24732  -0.10205   0.26755  -157.577   -3.1384   **    2.7305    51.3124 
  52.000  -0.12907  -0.42577   0.44490  -106.864    1.2790   **  -0.24570  -0.09714   0.26420  -158.427   -3.2476   **    2.5908    51.5628 
  53.000  -0.13127  -0.41701   0.43719  -107.473    1.1270   **  -0.24377  -0.09232   0.26067  -159.257   -3.3645   **    2.4480    51.7837 
  54.000  -0.13339  -0.40830   0.42953  -108.092    0.9736   **  -0.24156  -0.08759   0.25695  -160.068   -3.4895   **    2.3021    51.9764 
  55.000  -0.13541  -0.39964   0.42195  -108.718    0.8190   **  -0.23904  -0.08296   0.25303  -160.860   -3.6230   **    2.1530    52.1419 
  56.000  -0.13734  -0.39104   0.41446  -109.352    0.6632   **  -0.23623  -0.07843   0.24891  -161.634   -3.7655   **    2.0008    52.2817 
  57.000  -0.13917  -0.38252   0.40705  -109.992    0.5066   **  -0.23313  -0.07400   0.24459  -162.389   -3.9176   **    1.8454    52.3971 
  58.000  -0.14089  -0.37409   0.39975  -110.637    0.3493   **  -0.22973  -0.06968   0.24006  -163.126   -4.0798   **    1.6868    52.4897 
  59.000  -0.14250  -0.36577   0.39255  -111.285    0.1914   **  -0.22604  -0.06547   0.23533  -163.846   -4.2527   **    1.5249    52.5609 
  60.000  -0.14400  -0.35755   0.38546  -111.937    0.0332   **  -0.22207  -0.06138   0.23039  -164.549   -4.4369   **    1.3598    52.6123 
  61.000  -0.14538  -0.34945   0.37849  -112.589   -0.1253   **  -0.21781  -0.05741   0.22525  -165.234   -4.6332   **    1.1914    52.6457 
  62.000  -0.14665  -0.34149   0.37164  -113.240   -0.2838   **  -0.21327  -0.05356   0.21989  -165.903   -4.8423   **    1.0197    52.6626 
  63.000  -0.14779  -0.33366   0.36493  -113.890   -0.4423   **  -0.20845  -0.04983   0.21432  -166.555   -5.0651   **    0.8447    52.6649 
  64.000  -0.14881  -0.32598   0.35834  -114.536   -0.6005   **  -0.20335  -0.04624   0.20854  -167.190   -5.3026   **    0.6663    52.6544 
  65.000  -0.14969  -0.31845   0.35188  -115.177   -0.7584   **  -0.19798  -0.04277   0.20255  -167.809   -5.5558   **    0.4845    52.6329 
  66.000  -0.15045  -0.31109   0.34556  -115.810   -0.9159   **  -0.19234  -0.03944   0.19635  -168.412   -5.8259   **    0.2992    52.6021 
  67.000  -0.15108  -0.30389   0.33937  -116.434   -1.0728   **  -0.18644  -0.03625   0.18993  -168.998   -6.1143   **    0.1106    52.5639 
  68.000  -0.15157  -0.29687   0.33332  -117.047   -1.2291   **  -0.18028  -0.03320   0.18331  -169.567   -6.4225   **   -0.0815    52.5201 
  69.000  -0.15192  -0.29002   0.32740  -117.646   -1.3847   **  -0.17386  -0.03029   0.17648  -170.119   -6.7523   **   -0.2769    52.4724 
  70.000  -0.15213  -0.28336   0.32162  -118.231   -1.5396   **  -0.16720  -0.02752   0.16945  -170.653   -7.1058   **   -0.4757    52.4224 
  71.000  -0.15220  -0.27689   0.31596  -118.798   -1.6936   **  -0.16028  -0.02490   0.16220  -171.169   -7.4852   **   -0.6777    52.3716 
  72.000  -0.15213  -0.27061   0.31044  -119.345   -1.8468   **  -0.15312  -0.02243   0.15475  -171.666   -7.8935   **   -0.8829    52.3212 
  73.000  -0.15192  -0.26452   0.30504  -119.870   -1.9992   **  -0.14572  -0.02011   0.14711  -172.142   -8.3337   **   -1.0911    52.2723 
  74.000  -0.15156  -0.25863   0.29977  -120.371   -2.1506   **  -0.13810  -0.01795   0.13926  -172.596   -8.8100   **   -1.3020    52.2254 
  75.000  -0.15105  -0.25295   0.29462  -120.845   -2.3013   **  -0.13024  -0.01593   0.13121  -173.025   -9.3269   **   -1.5154    52.1806 
  76.000  -0.15040  -0.24746   0.28958  -121.290   -2.4510   **  -0.12216  -0.01408   0.12297  -173.427   -9.8902   **   -1.7310    52.1371 
  77.000  -0.14959  -0.24218   0.28466  -121.703   -2.6000   **  -0.11387  -0.01238   0.11454  -173.796  -10.5071   **   -1.9482    52.0930 
  78.000  -0.14863  -0.23711   0.27984  -122.082   -2.7481   **  -0.10537  -0.01084   0.10592  -174.127  -11.1865   **   -2.1666    52.0449 
  79.000  -0.14752  -0.23224   0.27513  -122.425   -2.8956   **  -0.09666  -0.00946   0.09712  -174.411  -11.9402   **   -2.3856    51.9865 
  80.000  -0.14626  -0.22758   0.27052  -122.728   -3.0423   **  -0.08775  -0.00824   0.08814  -174.636  -12.7833   **   -2.6041    51.9081 
  81.000  -0.14484  -0.22312   0.26601  -122.990   -3.1883   **  -0.07865  -0.00718   0.07898  -174.783  -13.7364   **   -2.8214    51.7931 
  82.000  -0.14327  -0.21888   0.26160  -123.207   -3.3337   **  -0.06936  -0.00629   0.06965  -174.821  -14.8285   **   -3.0363    51.6143 
  83.000  -0.14154  -0.21484   0.25727  -123.377   -3.4786   **  -0.05989  -0.00555   0.06015  -174.701  -16.1018   **   -3.2474    51.3241 
  84.000  -0.13965  -0.21101   0.25303  -123.497   -3.6229   **  -0.05025  -0.00499   0.05050  -174.332  -17.6212   **   -3.4533    50.8348 
  85.000  -0.13760  -0.20738   0.24888  -123.564   -3.7666   **  -0.04044  -0.00458   0.04070  -173.532  -19.4949   **   -3.6520    49.9682 
  86.000  -0.13539  -0.20396   0.24481  -123.575   -3.9099   **  -0.03047  -0.00435   0.03078  -171.882  -21.9220   **   -3.8418    48.3063 
  87.000  -0.13301  -0.20075   0.24081  -123.528   -4.0527   **  -0.02034  -0.00427   0.02079  -168.138  -25.3305   **   -4.0205    44.6099 
  88.000  -0.13048  -0.19773   0.23690  -123.419   -4.1949   **  -0.01007  -0.00436   0.01098  -156.571  -30.8767   **   -4.1856    33.1518 
  89.000  -0.12778  -0.19492   0.23307  -123.246   -4.3366   **   0.00034  -0.00462   0.00463   -85.813  -38.3681   **   -4.3349   -37.4330 
  90.000  -0.12491  -0.19231   0.22932  -123.005   -4.4776   **   0.01088  -0.00504   0.01199   -24.867  -30.1087   **   -4.4657   -98.1379 


   --    >>-------   -------   --ER --   -------   -------<< ** >>-------   -------   --EL --   -------   -------<< ** >>-------   --------<<
 É∆(deg)   RRAD.re   RRAD.im    |RRAD|    RPHASE  RGAI(dB)   **   LRAD.re   LRAD.im    |LRAD|    LPHASE  LGAI(dB)   ** TFGAI(dB)     AR(dB)
 -90.000   0.10431  -0.07182   0.12664   -34.549   -6.6244   **  -0.11519   0.07686   0.13848   146.285   -5.8484   **   -3.2088    27.0051 
 -89.000   0.10823  -0.07441   0.13135   -34.509   -6.3078   **  -0.10794   0.07853   0.13348   143.963   -6.1677   **   -3.2269    41.8737 
 -88.000   0.11217  -0.07702   0.13607   -34.474   -6.0010   **  -0.10088   0.08001   0.12876   141.582   -6.4804   **   -3.2238    31.1855 
 -87.000   0.11612  -0.07964   0.14080   -34.446   -5.7037   **  -0.09403   0.08132   0.12432   139.145   -6.7855   **   -3.2007    24.1257 
 -86.000   0.12006  -0.08229   0.14555   -34.425   -5.4155   **  -0.08738   0.08246   0.12014   136.660   -7.0822   **   -3.1591    20.3863 
 -85.000   0.12401  -0.08495   0.15031   -34.411   -5.1360   **  -0.08093   0.08342   0.11623   134.133   -7.3700   **   -3.1006    17.8629 
 -84.000   0.12795  -0.08763   0.15508   -34.404   -4.8649   **  -0.07469   0.08421   0.11256   131.573   -7.6483   **   -3.0270    15.9791 
 -83.000   0.13189  -0.09032   0.15985   -34.406   -4.6018   **  -0.06866   0.08483   0.10913   128.987   -7.9168   **   -2.9401    14.4917 
 -82.000   0.13581  -0.09304   0.16462   -34.415   -4.3464   **  -0.06284   0.08528   0.10594   126.385   -8.1752   **   -2.8416    13.2746 
 -81.000   0.13971  -0.09578   0.16939   -34.432   -4.0985   **  -0.05723   0.08557   0.10295   123.777   -8.4237   **   -2.7332    12.2536 
 -80.000   0.14359  -0.09853   0.17415   -34.456   -3.8577   **  -0.05184   0.08570   0.10016   121.172   -8.6625   **   -2.6167    11.3811 
 -79.000   0.14746  -0.10130   0.17890   -34.488   -3.6239   **  -0.04667   0.08566   0.09754   118.582   -8.8920   **   -2.4935    10.6245 
 -78.000   0.15129  -0.10409   0.18364   -34.528   -3.3969   **  -0.04171   0.08546   0.09509   116.015   -9.1130   **   -2.3651     9.9606 
 -77.000   0.15509  -0.10689   0.18836   -34.574   -3.1763   **  -0.03697   0.08510   0.09279   113.482   -9.3265   **   -2.2328     9.3717 
 -76.000   0.15887  -0.10971   0.19307   -34.628   -2.9620   **  -0.03245   0.08459   0.09060   110.990   -9.5334   **   -2.0976     8.8447 
 -75.000   0.16260  -0.11254   0.19775   -34.688   -2.7538   **  -0.02816   0.08392   0.08852   108.549   -9.7353   **   -1.9606     8.3687 
 -74.000   0.16630  -0.11538   0.20241   -34.754   -2.5515   **  -0.02409   0.08310   0.08652   106.166   -9.9334   **   -1.8226     7.9353 
 -73.000   0.16996  -0.11824   0.20704   -34.827   -2.3549   **  -0.02025   0.08213   0.08459   103.847  -10.1296   **   -1.6845     7.5375 
 -72.000   0.17357  -0.12111   0.21164   -34.905   -2.1639   **  -0.01663   0.08101   0.08270   101.599  -10.3255   **   -1.5468     7.1694 
 -71.000   0.17714  -0.12398   0.21622   -34.988   -1.9783   **  -0.01324   0.07975   0.08084    99.427  -10.5232   **   -1.4100     6.8263 
 -70.000   0.18066  -0.12686   0.22075   -35.076   -1.7980   **  -0.01008   0.07835   0.07899    97.334  -10.7244   **   -1.2748     6.5039 
 -69.000   0.18413  -0.12974   0.22525   -35.169   -1.6228   **  -0.00716   0.07680   0.07713    95.324  -10.9315   **   -1.1413     6.1989 
 -68.000   0.18755  -0.13263   0.22971   -35.266   -1.4527   **  -0.00446   0.07511   0.07524    93.401  -11.1466   **   -1.0100     5.9082 
 -67.000   0.19092  -0.13551   0.23412   -35.367   -1.2873   **  -0.00201   0.07329   0.07332    91.567  -11.3720   **   -0.8810     5.6293 
 -66.000   0.19423  -0.13839   0.23849   -35.471   -1.1268   **   0.00022   0.07133   0.07133    89.826  -11.6102   **   -0.7546     5.3599 
 -65.000   0.19748  -0.14127   0.24281   -35.578   -0.9708   **   0.00220   0.06925   0.06928    88.178  -11.8638   **   -0.6309     5.0982 
 -64.000   0.20068  -0.14413   0.24708   -35.687   -0.8194   **   0.00395   0.06703   0.06715    86.629  -12.1356   **   -0.5099     4.8427 
 -63.000   0.20382  -0.14699   0.25130   -35.798   -0.6724   **   0.00546   0.06469   0.06492    85.180  -12.4287   **   -0.3918     4.5918 
 -62.000   0.20690  -0.14983   0.25546   -35.911   -0.5297   **   0.00672   0.06222   0.06259    83.836  -12.7465   **   -0.2765     4.3444 
 -61.000   0.20993  -0.15266   0.25956   -36.024   -0.3912   **   0.00774   0.05964   0.06014    82.602  -13.0927   **   -0.1641     4.0995 
 -60.000   0.21289  -0.15546   0.26361   -36.139   -0.2569   **   0.00852   0.05694   0.05757    81.487  -13.4717   **   -0.0545     3.8561 
 -59.000   0.21579  -0.15824   0.26759   -36.253   -0.1266   **   0.00906   0.05412   0.05488    80.501  -13.8884   **    0.0523     3.6137 
 -58.000   0.21863  -0.16100   0.27151   -36.367   -0.0002   **   0.00935   0.05120   0.05204    79.656  -14.3487   **    0.1565     3.3715 
 -57.000   0.22141  -0.16372   0.27537   -36.480    0.1223   **   0.00939   0.04816   0.04907    78.971  -14.8596   **    0.2580     3.1291 
 -56.000   0.22414  -0.16641   0.27916   -36.592    0.2410   **   0.00918   0.04503   0.04595    78.475  -15.4295   **    0.3571     2.8860 
 -55.000   0.22680  -0.16906   0.28288   -36.702    0.3559   **   0.00873   0.04179   0.04269    78.203  -16.0690   **    0.4537     2.6420 
 -54.000   0.22940  -0.17168   0.28653   -36.811    0.4672   **   0.00803   0.03846   0.03929    78.211  -16.7912   **    0.5481     2.3970 
 -53.000   0.23194  -0.17425   0.29010   -36.916    0.5750   **   0.00708   0.03503   0.03574    78.582  -17.6132   **    0.6404     2.1510 
 -52.000   0.23443  -0.17677   0.29361   -37.019    0.6792   **   0.00588   0.03152   0.03206    79.441  -18.5568   **    0.7307     1.9045 
 -51.000   0.23685  -0.17924   0.29703   -37.117    0.7800   **   0.00443   0.02792   0.02827    80.992  -19.6505   **    0.8192     1.6582 
 -50.000   0.23922  -0.18166   0.30038   -37.213    0.8774   **   0.00273   0.02424   0.02439    83.579  -20.9312   **    0.9059     1.4138 
 -49.000   0.24154  -0.18402   0.30365   -37.303    0.9715   **   0.00078   0.02048   0.02050    87.816  -22.4415   **    0.9912     1.1745 
 -48.000   0.24380  -0.18632   0.30684   -37.389    1.0623   **  -0.00141   0.01666   0.01672    94.850  -24.2127   **    1.0752     0.9474 
 -47.000   0.24600  -0.18856   0.30995   -37.470    1.1499   **  -0.00386   0.01276   0.01333   106.805  -26.1768   **    1.1579     0.7478 
 -46.000   0.24816  -0.19073   0.31298   -37.545    1.2343   **  -0.00654   0.00881   0.01097   126.599  -27.8690   **    1.2397     0.6093 
 -45.000   0.25026  -0.19282   0.31593   -37.614    1.3157   **  -0.00947   0.00480   0.01062   153.139  -28.1533   **    1.3206     0.5842 
 -44.000   0.25231  -0.19485   0.31879   -37.678    1.3940   **  -0.01265   0.00074   0.01267   176.671  -26.6203   **    1.4008     0.6908 
 -43.000   0.25431  -0.19680   0.32156   -37.734    1.4693   **  -0.01606  -0.00337   0.01641  -168.140  -24.3714   **    1.4806     0.8875 
 -42.000   0.25627  -0.19866   0.32425   -37.784    1.5416   **  -0.01972  -0.00752   0.02110  -159.115  -22.1886   **    1.5600     1.1323 
 -41.000   0.25817  -0.20045   0.32685   -37.826    1.6110   **  -0.02361  -0.01171   0.02635  -153.619  -20.2600   **    1.6392     1.4036 
 -40.000   0.26004  -0.20215   0.32937   -37.861    1.6776   **  -0.02773  -0.01592   0.03198  -150.132  -18.5796   **    1.7183     1.6918 
 -39.000   0.26186  -0.20376   0.33179   -37.888    1.7413   **  -0.03208  -0.02016   0.03789  -147.850  -17.1055   **    1.7976     1.9925 
 -38.000   0.26363  -0.20528   0.33413   -37.907    1.8023   **  -0.03666  -0.02442   0.04405  -146.330  -15.7980   **    1.8771     2.3034 
 -37.000   0.26536  -0.20672   0.33638   -37.918    1.8604   **  -0.04145  -0.02869   0.05041  -145.316  -14.6252   **    1.9569     2.6233 
 -36.000   0.26705  -0.20805   0.33853   -37.921    1.9159   **  -0.04647  -0.03296   0.05697  -144.651  -13.5627   **    2.0372     2.9517 
 -35.000   0.26870  -0.20930   0.34060   -37.915    1.9687   **  -0.05170  -0.03723   0.06371  -144.237  -12.5918   **    2.1181     3.2882 
 -34.000   0.27031  -0.21044   0.34257   -37.901    2.0189   **  -0.05713  -0.04150   0.07061  -144.005  -11.6983   **    2.1996     3.6329 
 -33.000   0.27188  -0.21149   0.34445   -37.878    2.0664   **  -0.06277  -0.04575   0.07767  -143.910  -10.8707   **    2.2818     3.9858 
 -32.000   0.27341  -0.21243   0.34624   -37.847    2.1114   **  -0.06860  -0.04999   0.08488  -143.919  -10.1003   **    2.3648     4.3471 
 -31.000   0.27489  -0.21328   0.34793   -37.806    2.1538   **  -0.07461  -0.05419   0.09222  -144.010   -9.3798   **    2.4486     4.7170 
 -30.000   0.27634  -0.21402   0.34953   -37.758    2.1936   **  -0.08082  -0.05836   0.09969  -144.164   -8.7033   **    2.5332     5.0958 
 -29.000   0.27775  -0.21467   0.35103   -37.700    2.2309   **  -0.08719  -0.06250   0.10728  -144.368   -8.0661   **    2.6187     5.4840 
 -28.000   0.27911  -0.21521   0.35244   -37.634    2.2657   **  -0.09373  -0.06658   0.11497  -144.612   -7.4641   **    2.7049     5.8819 
 -27.000   0.28043  -0.21565   0.35376   -37.560    2.2981   **  -0.10043  -0.07061   0.12277  -144.889   -6.8941   **    2.7920     6.2901 
 -26.000   0.28171  -0.21598   0.35498   -37.477    2.3279   **  -0.10728  -0.07458   0.13066  -145.193   -6.3530   **    2.8797     6.7092 
 -25.000   0.28294  -0.21622   0.35610   -37.387    2.3553   **  -0.11428  -0.07849   0.13864  -145.518   -5.8386   **    2.9682     7.1398 
 -24.000   0.28412  -0.21635   0.35712   -37.289    2.3802   **  -0.12140  -0.08232   0.14668  -145.860   -5.3487   **    3.0572     7.5826 
 -23.000   0.28526  -0.21639   0.35804   -37.183    2.4026   **  -0.12865  -0.08607   0.15479  -146.217   -4.8814   **    3.1467     8.0386 
 -22.000   0.28634  -0.21632   0.35887   -37.070    2.4226   **  -0.13601  -0.08973   0.16294  -146.586   -4.4352   **    3.2367     8.5086 
 -21.000   0.28737  -0.21616   0.35959   -36.951    2.4401   **  -0.14348  -0.09330   0.17114  -146.964   -4.0088   **    3.3269     8.9938 
 -20.000   0.28834  -0.21590   0.36021   -36.825    2.4551   **  -0.15103  -0.09677   0.17938  -147.351   -3.6008   **    3.4172     9.4955 
 -19.000   0.28925  -0.21555   0.36073   -36.694    2.4676   **  -0.15867  -0.10013   0.18763  -147.745   -3.2102   **    3.5075    10.0150 
 -18.000   0.29010  -0.21511   0.36115   -36.557    2.4776   **  -0.16638  -0.10338   0.19589  -148.145   -2.8360   **    3.5976    10.5542 
 -17.000   0.29088  -0.21457   0.36146   -36.415    2.4851   **  -0.17415  -0.10652   0.20414  -148.549   -2.4774   **    3.6875    11.1148 
 -16.000   0.29159  -0.21395   0.36166   -36.268    2.4900   **  -0.18197  -0.10952   0.21239  -148.957   -2.1335   **    3.7768    11.6992 
 -15.000   0.29223  -0.21324   0.36176   -36.118    2.4923   **  -0.18982  -0.11240   0.22061  -149.369   -1.8037   **    3.8655    12.3101 
 -14.000   0.29279  -0.21245   0.36175   -35.964    2.4920   **  -0.19770  -0.11514   0.22879  -149.784   -1.4874   **    3.9533    12.9506 
 -13.000   0.29327  -0.21158   0.36162   -35.808    2.4890   **  -0.20560  -0.11774   0.23692  -150.201   -1.1839   **    4.0401    13.6247 
 -12.000   0.29366  -0.21063   0.36138   -35.650    2.4833   **  -0.21349  -0.12020   0.24500  -150.620   -0.8928   **    4.1257    14.3369 
 -11.000   0.29396  -0.20961   0.36103   -35.491    2.4748   **  -0.22137  -0.12250   0.25300  -151.041   -0.6136   **    4.2099    15.0931 
 -10.000   0.29416  -0.20851   0.36056   -35.331    2.4636   **  -0.22923  -0.12465   0.26093  -151.464   -0.3457   **    4.2925    15.9001 
  -9.000   0.29426  -0.20735   0.35998   -35.171    2.4494   **  -0.23705  -0.12664   0.26875  -151.888   -0.0890   **    4.3734    16.7672 
  -8.000   0.29425  -0.20613   0.35927   -35.012    2.4323   **  -0.24482  -0.12846   0.27648  -152.313    0.1571   **    4.4524    17.7060 
  -7.000   0.29414  -0.20484   0.35844   -34.854    2.4123   **  -0.25253  -0.13012   0.28409  -152.740    0.3929   **    4.5292    18.7317 
  -6.000   0.29391  -0.20350   0.35749   -34.698    2.3891   **  -0.26017  -0.13161   0.29157  -153.168    0.6187   **    4.6038    19.8652 
  -5.000   0.29356  -0.20211   0.35641   -34.546    2.3629   **  -0.26773  -0.13292   0.29891  -153.597    0.8347   **    4.6760    21.1360 
  -4.000   0.29309  -0.20066   0.35520   -34.397    2.3334   **  -0.27519  -0.13406   0.30610  -154.027    1.0413   **    4.7455    22.5872 
  -3.000   0.29249  -0.19917   0.35386   -34.253    2.3007   **  -0.28254  -0.13501   0.31314  -154.459    1.2387   **    4.8124    24.2859 
  -2.000   0.29176  -0.19764   0.35240   -34.114    2.2645   **  -0.28977  -0.13579   0.32001  -154.891    1.4272   **    4.8763    26.3453 
  -1.000   0.29089  -0.19606   0.35079   -33.981    2.2250   **  -0.29687  -0.13639   0.32670  -155.325    1.6069   **    4.9372    28.9792 
   0.000   0.28988  -0.19446   0.34906   -33.854    2.1819   **  -0.30382  -0.13680   0.33320  -155.760    1.7780   **    4.9950    32.6736 
   1.000   0.28872  -0.19282   0.34719   -33.736    2.1352   **  -0.31063  -0.13702   0.33951  -156.197    1.9409   **    5.0494    39.0252 
   2.000   0.28742  -0.19115   0.34518   -33.626    2.0849   **  -0.31726  -0.13706   0.34561  -156.635    2.0955   **    5.1005    60.0000 
   3.000   0.28597  -0.18946   0.34303   -33.525    2.0307   **  -0.32373  -0.13692   0.35149  -157.074    2.2422   **    5.1480    38.2896 
   4.000   0.28437  -0.18774   0.34075   -33.433    1.9727   **  -0.33001  -0.13659   0.35716  -157.515    2.3811   **    5.1920    32.5763 
   5.000   0.28261  -0.18601   0.33833   -33.353    1.9107   **  -0.33609  -0.13608   0.36259  -157.958    2.5123   **    5.2322    29.2143 
   6.000   0.28069  -0.18426   0.33577   -33.284    1.8447   **  -0.34197  -0.13538   0.36779  -158.402    2.6360   **    5.2686    26.8363 
   7.000   0.27861  -0.18251   0.33307   -33.227    1.7746   **  -0.34764  -0.13450   0.37275  -158.849    2.7523   **    5.3012    25.0019 
   8.000   0.27638  -0.18074   0.33023   -33.183    1.7003   **  -0.35308  -0.13344   0.37746  -159.297    2.8613   **    5.3298    23.5126 
   9.000   0.27399  -0.17896   0.32726   -33.152    1.6217   **  -0.35830  -0.13220   0.38191  -159.747    2.9633   **    5.3544    22.2617 
  10.000   0.27143  -0.17719   0.32415   -33.136    1.5387   **  -0.36329  -0.13079   0.38611  -160.200    3.0582   **    5.3749    21.1852 
  11.000   0.26872  -0.17541   0.32090   -33.135    1.4514   **  -0.36802  -0.12921   0.39005  -160.655    3.1463   **    5.3913    20.2416 
  12.000   0.26585  -0.17363   0.31753   -33.149    1.3595   **  -0.37251  -0.12745   0.39371  -161.112    3.2276   **    5.4035    19.4027 
  13.000   0.26282  -0.17186   0.31402   -33.180    1.2632   **  -0.37675  -0.12553   0.39711  -161.572    3.3022   **    5.4116    18.6482 
  14.000   0.25964  -0.17009   0.31039   -33.229    1.1622   **  -0.38072  -0.12345   0.40024  -162.035    3.3702   **    5.4154    17.9632 
  15.000   0.25631  -0.16833   0.30664   -33.295    1.0565   **  -0.38443  -0.12121   0.40308  -162.500    3.4319   **    5.4149    17.3364 
  16.000   0.25283  -0.16658   0.30277   -33.380    0.9462   **  -0.38787  -0.11882   0.40566  -162.969    3.4871   **    5.4102    16.7588 
  17.000   0.24920  -0.16484   0.29879   -33.483    0.8311   **  -0.39103  -0.11627   0.40795  -163.440    3.5361   **    5.4012    16.2236 
  18.000   0.24544  -0.16311   0.29469   -33.607    0.7113   **  -0.39391  -0.11359   0.40996  -163.914    3.5789   **    5.3879    15.7251 
  19.000   0.24153  -0.16140   0.29050   -33.751    0.5867   **  -0.39652  -0.11077   0.41170  -164.392    3.6156   **    5.3703    15.2588 
  20.000   0.23750  -0.15970   0.28620   -33.917    0.4574   **  -0.39884  -0.10782   0.41316  -164.873    3.6463   **    5.3484    14.8209 
  21.000   0.23335  -0.15801   0.28181   -34.104    0.3232   **  -0.40088  -0.10474   0.41434  -165.358    3.6710   **    5.3223    14.4082 
  22.000   0.22907  -0.15634   0.27734   -34.314    0.1843   **  -0.40264  -0.10154   0.41524  -165.846    3.6899   **    5.2919    14.0182 
  23.000   0.22469  -0.15469   0.27279   -34.546    0.0406   **  -0.40410  -0.09822   0.41587  -166.338    3.7031   **    5.2573    13.6487 
  24.000   0.22020  -0.15306   0.26817   -34.802   -0.1078   **  -0.40529  -0.09480   0.41623  -166.834    3.7105   **    5.2185    13.2977 
  25.000   0.21562  -0.15144   0.26349   -35.082   -0.2608   **  -0.40618  -0.09128   0.41632  -167.334    3.7124   **    5.1754    12.9637 
  26.000   0.21095  -0.14984   0.25875   -35.387   -0.4184   **  -0.40680  -0.08767   0.41614  -167.838    3.7087   **    5.1283    12.6453 
  27.000   0.20620  -0.14826   0.25397   -35.717   -0.5806   **  -0.40713  -0.08397   0.41570  -168.347    3.6995   **    5.0770    12.3412 
  28.000   0.20138  -0.14670   0.24914   -36.072   -0.7471   **  -0.40718  -0.08019   0.41500  -168.859    3.6849   **    5.0216    12.0506 
  29.000   0.19649  -0.14515   0.24429   -36.454   -0.9179   **  -0.40695  -0.07633   0.41405  -169.376    3.6649   **    4.9622    11.7725 
  30.000   0.19156  -0.14362   0.23942   -36.861   -1.0929   **  -0.40645  -0.07241   0.41285  -169.898    3.6397   **    4.8988    11.5061 
  31.000   0.18658  -0.14211   0.23454   -37.295   -1.2719   **  -0.40567  -0.06844   0.41140  -170.424    3.6093   **    4.8314    11.2509 
  32.000   0.18157  -0.14061   0.22965   -37.756   -1.4547   **  -0.40463  -0.06441   0.40972  -170.956    3.5737   **    4.7602    11.0063 
  33.000   0.17654  -0.13914   0.22477   -38.243   -1.6411   **  -0.40332  -0.06034   0.40780  -171.492    3.5330   **    4.6851    10.7719 
  34.000   0.17149  -0.13767   0.21991   -38.757   -1.8310   **  -0.40175  -0.05623   0.40566  -172.033    3.4872   **    4.6062    10.5471 
  35.000   0.16644  -0.13622   0.21508   -39.298   -2.0240   **  -0.39992  -0.05209   0.40330  -172.579    3.4365   **    4.5236    10.3318 
  36.000   0.16140  -0.13479   0.21028   -39.865   -2.2200   **  -0.39785  -0.04793   0.40073  -173.130    3.3809   **    4.4372    10.1256 
  37.000   0.15638  -0.13336   0.20553   -40.457   -2.4187   **  -0.39553  -0.04376   0.39794  -173.686    3.3203   **    4.3472     9.9283 
  38.000   0.15139  -0.13195   0.20083   -41.075   -2.6196   **  -0.39297  -0.03958   0.39496  -174.248    3.2550   **    4.2537     9.7398 
  39.000   0.14644  -0.13056   0.19619   -41.718   -2.8227   **  -0.39018  -0.03540   0.39178  -174.816    3.1848   **    4.1566     9.5599 
  40.000   0.14154  -0.12917   0.19162   -42.384   -3.0274   **  -0.38716  -0.03123   0.38842  -175.389    3.1100   **    4.0560     9.3884 
  41.000   0.13669  -0.12779   0.18712   -43.072   -3.2335   **  -0.38392  -0.02707   0.38488  -175.967    3.0304   **    3.9519     9.2254 
  42.000   0.13192  -0.12642   0.18272   -43.782   -3.4405   **  -0.38047  -0.02293   0.38116  -176.551    2.9462   **    3.8445     9.0708 
  43.000   0.12722  -0.12506   0.17840   -44.510   -3.6482   **  -0.37681  -0.01882   0.37728  -177.141    2.8573   **    3.7337     8.9246 
  44.000   0.12262  -0.12371   0.17418   -45.255   -3.8559   **  -0.37296  -0.01474   0.37325  -177.737    2.7638   **    3.6195     8.7867 
  45.000   0.11811  -0.12237   0.17007   -46.015   -4.0635   **  -0.36890  -0.01070   0.36906  -178.339    2.6658   **    3.5021     8.6573 
  46.000   0.11371  -0.12103   0.16607   -46.787   -4.2704   **  -0.36466  -0.00670   0.36473  -178.947    2.5633   **    3.3815     8.5363 
  47.000   0.10942  -0.11970   0.16218   -47.568   -4.4762   **  -0.36025  -0.00276   0.36026  -179.561    2.4562   **    3.2576     8.4238 
  48.000   0.10527  -0.11837   0.15841   -48.354   -4.6806   **  -0.35566   0.00112   0.35566   179.819    2.3447   **    3.1306     8.3199 
  49.000   0.10124  -0.11705   0.15476   -49.143   -4.8830   **  -0.35091   0.00494   0.35094   179.193    2.2286   **    3.0004     8.2246 
  50.000   0.09735  -0.11573   0.15123   -49.929   -5.0831   **  -0.34600   0.00869   0.34611   178.561    2.1081   **    2.8670     8.1381 
  51.000   0.09362  -0.11442   0.14784   -50.710   -5.2804   **  -0.34094   0.01237   0.34116   177.923    1.9831   **    2.7305     8.0604 
  52.000   0.09004  -0.11311   0.14457   -51.479   -5.4746   **  -0.33573   0.01596   0.33611   177.278    1.8536   **    2.5908     7.9917 
  53.000   0.08662  -0.11180   0.14143   -52.232   -5.6654   **  -0.33039   0.01947   0.33097   176.627    1.7197   **    2.4480     7.9321 
  54.000   0.08337  -0.11049   0.13842   -52.963   -5.8523   **  -0.32493   0.02290   0.32573   175.969    1.5812   **    2.3021     7.8816 
  55.000   0.08030  -0.10919   0.13553   -53.668   -6.0351   **  -0.31934   0.02623   0.32041   175.305    1.4382   **    2.1530     7.8405 
  56.000   0.07741  -0.10788   0.13278   -54.341   -6.2134   **  -0.31364   0.02945   0.31502   174.635    1.2906   **    2.0008     7.8089 
  57.000   0.07470  -0.10658   0.13015   -54.975   -6.3869   **  -0.30782   0.03258   0.30954   173.958    1.1384   **    1.8454     7.7871 
  58.000   0.07218  -0.10528   0.12765   -55.565   -6.5555   **  -0.30191   0.03560   0.30400   173.274    0.9815   **    1.6868     7.7752 
  59.000   0.06986  -0.10399   0.12528   -56.105   -6.7187   **  -0.29590   0.03851   0.29840   172.584    0.8199   **    1.5249     7.7735 
  60.000   0.06774  -0.10269   0.12302   -56.588   -6.8765   **  -0.28981   0.04131   0.29274   171.888    0.6535   **    1.3598     7.7823 
  61.000   0.06582  -0.10140   0.12089   -57.009   -7.0285   **  -0.28363   0.04399   0.28702   171.184    0.4822   **    1.1914     7.8021 
  62.000   0.06411  -0.10010   0.11887   -57.362   -7.1744   **  -0.27738   0.04655   0.28126   170.474    0.3060   **    1.0197     7.8332 
  63.000   0.06261  -0.09881   0.11698   -57.641   -7.3142   **  -0.27105   0.04898   0.27544   169.757    0.1246   **    0.8447     7.8762 
  64.000   0.06132  -0.09752   0.11519   -57.841   -7.4474   **  -0.26467   0.05128   0.26959   169.034   -0.0620   **    0.6663     7.9317 
  65.000   0.06024  -0.09623   0.11353   -57.956   -7.5738   **  -0.25822   0.05346   0.26369   168.303   -0.2541   **    0.4845     8.0007 
  66.000   0.05937  -0.09495   0.11198   -57.981   -7.6931   **  -0.25172   0.05551   0.25776   167.565   -0.4516   **    0.2992     8.0840 
  67.000   0.05872  -0.09366   0.11055   -57.913   -7.8049   **  -0.24517   0.05741   0.25180   166.820   -0.6549   **    0.1106     8.1827 
  68.000   0.05829  -0.09238   0.10924   -57.748   -7.9088   **  -0.23857   0.05919   0.24581   166.067   -0.8642   **   -0.0815     8.2984 
  69.000   0.05808  -0.09110   0.10804   -57.482   -8.0043   **  -0.23194   0.06082   0.23978   165.308   -1.0796   **   -0.2769     8.4326 
  70.000   0.05808  -0.08983   0.10697   -57.113   -8.0909   **  -0.22528   0.06231   0.23374   164.540   -1.3016   **   -0.4757     8.5875 
  71.000   0.05830  -0.08855   0.10602   -56.639   -8.1680   **  -0.21858   0.06365   0.22766   163.764   -1.5302   **   -0.6777     8.7653 
  72.000   0.05874  -0.08728   0.10521   -56.059   -8.2350   **  -0.21186   0.06485   0.22157   162.981   -1.7660   **   -0.8829     8.9691 
  73.000   0.05940  -0.08602   0.10453   -55.373   -8.2911   **  -0.20512   0.06590   0.21545   162.188   -2.0091   **   -1.0911     9.2024 
  74.000   0.06027  -0.08475   0.10400   -54.583   -8.3357   **  -0.19836   0.06681   0.20931   161.387   -2.2602   **   -1.3020     9.4696 
  75.000   0.06135  -0.08349   0.10361   -53.691   -8.3680   **  -0.19159   0.06756   0.20316   160.576   -2.5195   **   -1.5154     9.7757 
  76.000   0.06265  -0.08224   0.10338   -52.700   -8.3872   **  -0.18481   0.06816   0.19698   159.756   -2.7876   **   -1.7310    10.1274 
  77.000   0.06415  -0.08098   0.10332   -51.614   -8.3927   **  -0.17803   0.06861   0.19079   158.925   -3.0651   **   -1.9482    10.5327 
  78.000   0.06587  -0.07974   0.10342   -50.440   -8.3836   **  -0.17124   0.06890   0.18458   158.082   -3.3525   **   -2.1666    11.0018 
  79.000   0.06779  -0.07849   0.10371   -49.184   -8.3595   **  -0.16445   0.06903   0.17835   157.228   -3.6506   **   -2.3856    11.5478 
  80.000   0.06991  -0.07725   0.10419   -47.854   -8.3196   **  -0.15766   0.06901   0.17211   156.361   -3.9602   **   -2.6041    12.1879 
  81.000   0.07224  -0.07601   0.10486   -46.458   -8.2637   **  -0.15089   0.06883   0.16584   155.479   -4.2821   **   -2.8214    12.9459 
  82.000   0.07476  -0.07478   0.10574   -45.007   -8.1915   **  -0.14412   0.06849   0.15957   154.581   -4.6173   **   -3.0363    13.8546 
  83.000   0.07747  -0.07355   0.10682   -43.510   -8.1028   **  -0.13737   0.06799   0.15327   153.666   -4.9669   **   -3.2474    14.9632 
  84.000   0.08038  -0.07232   0.10812   -41.978   -7.9977   **  -0.13063   0.06733   0.14696   152.732   -5.3321   **   -3.4533    16.3488 
  85.000   0.08347  -0.07109   0.10964   -40.420   -7.8765   **  -0.12391   0.06651   0.14063   151.776   -5.7145   **   -3.6520    18.1443 
  86.000   0.08675  -0.06987   0.11138   -38.848   -7.7396   **  -0.11722   0.06552   0.13428   150.796   -6.1156   **   -3.8418    20.6101 
  87.000   0.09020  -0.06864   0.11335   -37.271   -7.5876   **  -0.11054   0.06437   0.12792   149.788   -6.5373   **   -4.0205    24.3805 
  88.000   0.09383  -0.06742   0.11554   -35.699   -7.4213   **  -0.10390   0.06306   0.12154   148.747   -6.9817   **   -4.1856    31.9374 
  89.000   0.09763  -0.06620   0.11796   -34.139   -7.2415   **  -0.09729   0.06158   0.11514   147.670   -7.4514   **   -4.3349    38.3580 
  90.000   0.10160  -0.06498   0.12060   -32.601   -7.0493   **  -0.09072   0.05993   0.10873   146.548   -7.9493   **   -4.4657    25.7195 




