 [antenna_current.dat]

     i     Im[i].re     Im[i].im      |Im[i]|   PhaseIm[i] 
     1   0.00295572  -0.00073707   0.00304624       -14.00
     2   0.00278807  -0.00102378   0.00297010       -20.16
     3   0.00256363  -0.00130671   0.00287744       -27.01
     4   0.00228223  -0.00158256   0.00277724       -34.74
     5   0.00194793  -0.00184036   0.00267981       -43.37
     6   0.00156401  -0.00207312   0.00259691       -52.97
     7   0.00113451  -0.00227462   0.00254185       -63.49
     8   0.00066440  -0.00243974   0.00252858       -74.77
     9   0.00015970  -0.00256420   0.00256917       -86.44
    10  -0.00037236  -0.00264468   0.00267076       -98.01
    11  -0.00092335  -0.00267883   0.00283350      -109.02
    12  -0.00148370  -0.00266535   0.00305049      -119.10
    13  -0.00204281  -0.00260402   0.00330968      -128.11
    14  -0.00258921  -0.00249575   0.00359622      -136.05
    15  -0.00311086  -0.00234253   0.00389421      -143.02
    16  -0.00359535  -0.00214744   0.00418785      -149.15
    17  -0.00403033  -0.00191450   0.00446194      -154.59
    18  -0.00440380  -0.00164858   0.00470226      -159.48
    19  -0.00470451  -0.00135528   0.00489583      -163.93
    20  -0.00492235  -0.00104070   0.00503117      -168.06
    21  -0.00504874  -0.00071129   0.00509860      -171.98
    22  -0.00507691  -0.00037364   0.00509064      -175.79
    23  -0.00500226  -0.00003432   0.00500238      -179.61
    24  -0.00482255   0.00030032   0.00483189      -183.56
    25  -0.00453811   0.00062432   0.00458085      -187.83
    26  -0.00415190   0.00093219   0.00425526      -192.65
    27  -0.00366954   0.00121908   0.00386674      -198.38
    28  -0.00309921   0.00148079   0.00343480      -205.54
    29  -0.00245149   0.00171386   0.00299118      -214.96
    30  -0.00173910   0.00191556   0.00258725      -227.76
    31  -0.00097657   0.00208389   0.00230137      -244.89
    32  -0.00017986   0.00221755   0.00222483      -265.36
    33   0.00063410   0.00231589   0.00240113      -285.31
    34   0.00144785   0.00237890   0.00278486      -301.33
    35   0.00224395   0.00240717   0.00329086      -312.99
    36   0.00300538   0.00240185   0.00384723      -321.37
    37   0.00371605   0.00236464   0.00440461      -327.53
    38   0.00436104   0.00229788   0.00492940      -332.21
    39   0.00492715   0.00220431   0.00539776      -335.90
    40   0.00540001   0.00208875   0.00578990      -338.85
    41   0.00577431   0.00195142   0.00609514      -341.33
    42   0.00318046   0.00176789   0.00363879      -330.93
    43   0.00330753   0.00162617   0.00368567        26.18
    44   0.00345098   0.00141786   0.00373090        22.34
    45   0.00354457   0.00118545   0.00373754        18.49
    46   0.00359259   0.00093436   0.00371211        14.58
    47   0.00358943   0.00066754   0.00365098        10.54
    48   0.00356352   0.00045666   0.00359266         7.30
    49   0.00052684   0.00097613   0.00110923        61.64
    50   0.00045599   0.00081770   0.00093625        60.85
    51   0.00031472   0.00052805   0.00061473        59.21
    52   0.00201360   0.00045886   0.00206522        12.84
    53   0.00219698   0.00025539   0.00221178         6.63
    54   0.00234824   0.00004298   0.00234864         1.05
    55   0.00246711  -0.00017594   0.00247338        -4.08
    56   0.00254794  -0.00039415   0.00257825        -8.79
    57   0.00258844  -0.00060687   0.00265863       -13.19
    58   0.00258711  -0.00080969   0.00271085       -17.38
    59   0.00254335  -0.00099867   0.00273240       -21.44
    60   0.00245730  -0.00117030   0.00272175       -25.47
    61   0.00232972  -0.00132146   0.00267841       -29.56
    62   0.00216201  -0.00144944   0.00260291       -33.84
    63   0.00195615  -0.00155198   0.00249703       -38.43
    64   0.00171470  -0.00162726   0.00236393       -43.50
    65   0.00144072  -0.00167394   0.00220857       -49.28
    66   0.00113778  -0.00169119   0.00203830       -56.07
    67   0.00080991  -0.00167863   0.00186380       -64.24
    68   0.00046151  -0.00163641   0.00170024       -74.25
    69   0.00009735  -0.00156515   0.00156817       -86.44
    70  -0.00027750  -0.00146595   0.00149198      -100.72
    71  -0.00065779  -0.00134038   0.00149308      -116.14
    72  -0.00103806  -0.00119043   0.00157946      -131.09
    73  -0.00141281  -0.00101852   0.00174167      -144.21
    74  -0.00177651  -0.00082741   0.00195975      -155.03
    75  -0.00212371  -0.00062020   0.00221242      -163.72
    76  -0.00244908  -0.00040028   0.00248158      -170.72
    77  -0.00274754  -0.00017124   0.00275287      -176.43
    78  -0.00301429   0.00006312   0.00301495      -181.20
    79  -0.00324489   0.00029892   0.00325863      -185.26
    80  -0.00343536   0.00053221   0.00347634      -188.81
    81  -0.00358219   0.00075904   0.00366173      -191.96
    82  -0.00368247   0.00097556   0.00380950      -194.84
    83  -0.00373386   0.00117802   0.00391529      -197.51
    84  -0.00373471   0.00136290   0.00397562      -200.05
    85  -0.00368403   0.00152692   0.00398792      -202.51
    86  -0.00358156   0.00166710   0.00395055      -204.96
    87  -0.00342778   0.00178085   0.00386279      -207.45
    88  -0.00322390   0.00186598   0.00372497      -210.06
    89  -0.00297187   0.00192073   0.00353853      -212.87
    90  -0.00267434   0.00194387   0.00330616      -216.01
    91  -0.00233467   0.00193463   0.00303208      -219.65
    92  -0.00195686   0.00189282   0.00272252      -224.05
    93  -0.00154555   0.00181876   0.00238676      -229.64
    94  -0.00110588   0.00171332   0.00203922      -237.16
    95  -0.00064352   0.00157790   0.00170408      -247.81
    96  -0.00016453   0.00141443   0.00142397      -263.37
    97   0.00032470   0.00122532   0.00126761      -284.84
    98   0.00081753   0.00101343   0.00130207      -308.89
    99   0.00130716   0.00078206   0.00152325      -329.11
   100   0.00178676   0.00053485   0.00186509      -343.34
   101   0.00224952   0.00027575   0.00226636      -353.01
   102   0.00268879   0.00000895   0.00268880      -359.81
   103   0.00309814  -0.00026116   0.00310913      -364.82
   104   0.00347151  -0.00053013   0.00351175      -368.68
   105   0.00380322  -0.00079345   0.00388511      -371.78
   106   0.00408816  -0.00104668   0.00422003      -374.36
   107   0.00432180  -0.00128551   0.00450893      -376.57
   108   0.00450026  -0.00150583   0.00474551      -378.50
   109   0.00462044  -0.00170380   0.00492457      -380.24
   110   0.00468001  -0.00187595   0.00504199      -381.84
   111   0.00467750  -0.00201921   0.00509472      -383.35
   112   0.00461229  -0.00213096   0.00508077      -384.80
   113   0.00448469  -0.00220915   0.00499928      -386.22
   114   0.00429589  -0.00225224   0.00485049      -387.67
   115   0.00404798  -0.00225931   0.00463580      -389.17
   116   0.00374395  -0.00223007   0.00435780      -390.78
   117   0.00338763  -0.00216481   0.00402026      -392.58
   118   0.00298367  -0.00206449   0.00362828      -394.68
   119   0.00253744  -0.00193066   0.00318842      -397.27
   120   0.00205503  -0.00176544   0.00270923      -400.67
   121   0.00154312  -0.00157153   0.00220248      -405.52
   122   0.00100888  -0.00135212   0.00168703      -413.27
   123   0.00045992  -0.00111085   0.00120230      -427.51
   124  -0.00009585  -0.00085174   0.00085712      -456.42
   125  -0.00065036  -0.00057912   0.00087083      -498.32
   126  -0.00119542  -0.00029755   0.00123190      -526.02
   127  -0.00172294  -0.00001173   0.00172298      -539.61
   128  -0.00222496   0.00027356   0.00224172      -547.01
   129  -0.00269387   0.00055361   0.00275016      -551.61
   130  -0.00312242   0.00082381   0.00322927      -554.78
   131  -0.00350394   0.00107974   0.00366653      -557.13
   132  -0.00383237   0.00131730   0.00405245      -558.97
   133  -0.00410239   0.00153272   0.00437936      -560.49
   134  -0.00430949   0.00172267   0.00464105      -561.79
   135  -0.00445005   0.00188429   0.00483254      -562.95
   136  -0.00452134   0.00201519   0.00495010       155.98
   137  -0.00452158   0.00211352   0.00499115       154.95
   138  -0.00444993   0.00217791   0.00495430       153.92
   139  -0.00430655   0.00220744   0.00483934       152.86
   140  -0.00409291   0.00220168   0.00464751       151.72
   141  -0.00381236   0.00216076   0.00438212       150.46
   142   0.00001453   0.00176460   0.00176466        89.53
   143   0.00032242   0.00166533   0.00169625        79.04
   144   0.00062034   0.00154152   0.00166166        68.08
   145   0.00090069   0.00139842   0.00166337        57.22
   146   0.00116197   0.00123708   0.00169722        46.79
   147   0.00134785   0.00110413   0.00174235        39.32
   148  -0.00050592   0.00049820   0.00071004       135.44
   149  -0.00034526   0.00036489   0.00050234       133.42
   150   0.00279841   0.00006565   0.00279918         1.34
   151   0.00292349  -0.00001790   0.00292354        -0.35
   152   0.00312533  -0.00015134   0.00312899        -2.77
   153   0.00351463  -0.00032380   0.00352952        -5.26
   154  -0.00476742   0.00496564   0.00688374       133.83
   155  -0.00415661   0.00550282   0.00689626       127.07
   156  -0.00348214   0.00595576   0.00689901       120.31
   157  -0.00275443   0.00632520   0.00689892       113.53
   158  -0.00199571   0.00659633   0.00689162       106.83
   159  -0.00122346   0.00676376   0.00687353       100.25
   160  -0.00045444   0.00682463   0.00683975        93.81
   161   0.00029599   0.00677881   0.00678527        87.50
   162   0.00101389   0.00662822   0.00670532        81.30
   163   0.00168692   0.00637651   0.00659588        75.18
   164   0.00230448   0.00602879   0.00645422        69.08
   165   0.00285787   0.00559138   0.00627940        62.93
   166   0.00334032   0.00507165   0.00607284        56.63
   167   0.00374705   0.00447786   0.00583880        50.08
   168   0.00407518   0.00381903   0.00558499        43.14
   169   0.00432365   0.00310485   0.00532298        35.68
   170   0.00449310   0.00234559   0.00506850        27.57
   171   0.00458565   0.00155203   0.00484117        18.70
   172   0.00460472   0.00073543   0.00466308         9.07
   173   0.00455482  -0.00009254   0.00455576        -1.16
   174   0.00444126  -0.00091988   0.00453553       -11.70
   175   0.00427000  -0.00173435   0.00460878       -22.11
   176   0.00404738  -0.00252354   0.00476965       -31.94
   177   0.00377991  -0.00327508   0.00500139       -40.91
   178   0.00347414  -0.00397675   0.00528055       -48.86
   179   0.00313648  -0.00461669   0.00558134       -55.81
   180   0.00277311  -0.00518367   0.00587883       -61.85
   181   0.00238985  -0.00566729   0.00615058       -67.14
   182   0.00199219  -0.00605825   0.00637740       -71.80
   183   0.00158519  -0.00634861   0.00654352       -75.98
   184   0.00117356  -0.00653201   0.00663659       -79.81
   185   0.00076166  -0.00660388   0.00664766       -83.42
   186   0.00035355  -0.00656161   0.00657113       -86.92
   187  -0.00004692  -0.00640462   0.00640479       -90.42
   188  -0.00043603  -0.00613436   0.00614984       -94.07
   189  -0.00081011  -0.00575426   0.00581100       -98.01
   190  -0.00116540  -0.00526914   0.00539648      -102.47
   191  -0.00149785  -0.00468592   0.00491949      -107.73
   192  -0.00180301  -0.00400584   0.00439291      -114.23
   193  -0.00207387  -0.00325612   0.00386048      -122.49
   194  -0.00230580  -0.00230847   0.00326278      -134.97
   195  -0.00746555  -0.00204720   0.00774115      -164.67
   196  -0.00752733  -0.00161205   0.00769801      -167.91
   197  -0.00750916  -0.00059416   0.00753263      -175.48
   198  -0.00737184   0.00026799   0.00737671      -182.08
   199  -0.00712758   0.00108951   0.00721037      -188.69
   200  -0.00677777   0.00184652   0.00702479      -195.24
   201  -0.00642406   0.00239155   0.00685478      -200.42
   202  -0.00121542  -0.00210295   0.00242891      -120.03
   203  -0.00099586  -0.00176152   0.00202353      -119.48
   204  -0.00061452  -0.00114132   0.00129624      -118.30
   205   0.00095335  -0.00456984   0.00466823       -78.22
   206   0.00047614  -0.00455362   0.00457845       -84.03
   207  -0.00001784  -0.00447135   0.00447139       -90.23
   208  -0.00052281  -0.00432385   0.00435534       -96.89
   209  -0.00102142  -0.00411111   0.00423609      -103.95
   210  -0.00150308  -0.00383579   0.00411977      -111.40
   211  -0.00195843  -0.00350190   0.00401233      -119.22
   212  -0.00237957  -0.00311471   0.00391966      -127.38
   213  -0.00275966  -0.00268050   0.00384718      -135.83
   214  -0.00309294  -0.00220644   0.00379930      -144.50
   215  -0.00337471  -0.00170040   0.00377889      -153.26
   216  -0.00360133  -0.00117080   0.00378686      -161.99
   217  -0.00377024  -0.00062645   0.00382193      -170.57
   218  -0.00387996  -0.00007639   0.00388072      -178.87
   219  -0.00393011   0.00047027   0.00395815      -186.82
   220  -0.00392134   0.00100453   0.00404796      -194.37
   221  -0.00385531   0.00151764   0.00414326      -201.49
   222  -0.00373465   0.00200126   0.00423706      -208.19
   223  -0.00356286   0.00244758   0.00432258      -214.49
   224  -0.00334426   0.00284948   0.00439359      -220.43
   225  -0.00308385   0.00320061   0.00444455      -226.06
   226  -0.00278722   0.00349553   0.00447072      -231.43
   227  -0.00246045   0.00372975   0.00446820      -236.59
   228  -0.00210997   0.00389983   0.00443404      -241.58
   229  -0.00174245   0.00400343   0.00436619      -246.48
   230  -0.00136464   0.00403932   0.00426361      -251.33
   231  -0.00098330   0.00400739   0.00412626      -256.21
   232  -0.00060503   0.00390866   0.00395521      -261.20
   233  -0.00023617   0.00374526   0.00375270      -266.39
   234   0.00011730   0.00352035   0.00352231      -271.91
   235   0.00044988   0.00323810   0.00326920      -277.91
   236   0.00075662   0.00290359   0.00300055      -284.61
   237   0.00103320   0.00252271   0.00272609      -292.27
   238   0.00127601   0.00210211   0.00245908      -301.26
   239   0.00148217   0.00164901   0.00221722      -311.95
   240   0.00164959   0.00117115   0.00202305      -324.63
   241   0.00177698   0.00067662   0.00190144      -339.15
   242   0.00186385   0.00017371   0.00187193      -354.68
   243   0.00191050  -0.00032916   0.00193864      -369.78
   244   0.00191799  -0.00082365   0.00208736      -383.24
   245   0.00188811  -0.00130159   0.00229328      -394.58
   246   0.00182333  -0.00175513   0.00253081      -403.91
   247   0.00172670  -0.00217684   0.00277851      -411.58
   248   0.00160182  -0.00255986   0.00301972      -417.96
   249   0.00145274  -0.00289800   0.00324173      -423.38
   250   0.00128385  -0.00318581   0.00343477      -428.05
   251   0.00109981  -0.00341870   0.00359125      -432.17
   252   0.00090542  -0.00359299   0.00370532      -435.86
   253   0.00070558  -0.00370596   0.00377253      -439.22
   254   0.00050511  -0.00375590   0.00378972      -442.34
   255   0.00030870  -0.00374214   0.00375486      -445.28
   256   0.00012083  -0.00366505   0.00366704      -448.11
   257  -0.00005436  -0.00352600   0.00352642      -450.88
   258  -0.00021312  -0.00332739   0.00333421      -453.66
   259  -0.00035216  -0.00307260   0.00309271      -456.54
   260  -0.00046874  -0.00276587   0.00280531      -459.62
   261  -0.00056065  -0.00241232   0.00247661      -463.08
   262  -0.00062632  -0.00201780   0.00211277      -467.24
   263  -0.00066481  -0.00158883   0.00172231      -472.71
   264  -0.00067580  -0.00113247   0.00131879      -480.83
   265  -0.00065961  -0.00065625   0.00093046      -495.15
   266  -0.00061719  -0.00016799   0.00063964      -524.77
   267  -0.00055005   0.00032427   0.00063851      -570.52
   268  -0.00046025   0.00081244   0.00093374      -600.47
   269  -0.00035035   0.00128848   0.00133526      -614.79
   270  -0.00022331   0.00174456   0.00175880      -622.71
   271  -0.00008248   0.00217316   0.00217473      -627.83
   272   0.00006855   0.00256720   0.00256811      -631.53
   273   0.00022598   0.00292016   0.00292889      -634.43
   274   0.00038592   0.00322618   0.00324918      -636.82
   275   0.00054443   0.00348018   0.00352251      -638.89
   276   0.00069769   0.00367792   0.00374351      -640.74
   277   0.00084199   0.00381608   0.00390787      -642.44
   278   0.00097387   0.00389235   0.00401233      -644.05
   279   0.00109018   0.00390543   0.00405473      -645.60
   280   0.00118816   0.00385508   0.00403402      -647.13
   281   0.00126547   0.00374215   0.00395033      -648.68
   282   0.00132024   0.00356856   0.00380495      -650.30
   283   0.00135116   0.00333727   0.00360041      -652.04
   284   0.00135744   0.00305226   0.00334050      -653.98
   285   0.00133886   0.00271848   0.00303029      -656.22
   286   0.00129575   0.00234175   0.00267633      -658.96
   287   0.00122900   0.00192867   0.00228697      -662.51
   288   0.00114002   0.00148653   0.00187334      -667.48
   289   0.00103063   0.00102310   0.00145222        44.79
   290   0.00090307   0.00054643   0.00105552        31.18
   291   0.00075983   0.00006458   0.00076257         4.86
   292   0.00060368  -0.00041467   0.00073238       -34.49
   293   0.00043786  -0.00088408   0.00098657       -63.65
   294   0.00026706  -0.00133683   0.00136324       -78.70
   295   0.00435436  -0.00291553   0.00524030       -33.80
   296   0.00408690  -0.00328558   0.00524383       -38.80
   297   0.00376545  -0.00360042   0.00520976       -43.72
   298   0.00340472  -0.00385341   0.00514207       -48.54
   299   0.00300833  -0.00404042   0.00503736       -53.33
   300   0.00269792  -0.00413428   0.00493670       -56.87
   301   0.00140709   0.00040981   0.00146555        16.24
   302   0.00106002   0.00033809   0.00111263        17.69
   303   0.00501370   0.00014991   0.00501594         1.71
   304   0.00491490   0.00216577   0.00537092        23.78
   305   0.00472756  -0.00021422   0.00473241        -2.59
   306   0.00429244  -0.00115919   0.00444621       -15.11
   307   0.00026413   0.00010569   0.00028449        21.81
   308   0.00054231   0.00016155   0.00056586        16.59
   309   0.00062205   0.00012032   0.00063358        10.95
   310   0.00064175   0.00005590   0.00064418         4.98
   311   0.00057847  -0.00000368   0.00057848        -0.36
   312   0.00045770  -0.00004323   0.00045974        -5.40
   313   0.00012111  -0.00005330   0.00013232       -23.75



