 [antenna_field.dat]

  É” = 90.000 Åãplane
   --    >>-------   -------   --EÉ”--   -------   -------<< ** >>-------   -------   --EÉ∆--   -------   -------<< ** >>-------   --------<<
 É∆(deg)   FRAD.re   FRAD.im    |FRAD|    FPHASE  FGAI(dB)   **   TRAD.re   TRAD.im    |TRAD|    TPHASE  TGAI(dB)   ** TFGAI(dB)    TPHASE
 -90.000  -0.18737   0.23222   0.29839   128.899   -2.7418   **   0.07647   0.04838   0.09049    32.321  -13.1051   **   -2.3597    96.5785 
 -89.000  -0.19396   0.23940   0.30811   129.015   -2.4634   **   0.08166   0.03616   0.08931    23.887  -13.2195   **   -2.1130   105.1279 
 -88.000  -0.20065   0.24634   0.31772   129.164   -2.1967   **   0.08641   0.02356   0.08956    15.250  -13.1948   **   -1.8647   113.9143 
 -87.000  -0.20745   0.25305   0.32721   129.344   -1.9409   **   0.09072   0.01057   0.09134     6.647  -13.0246   **   -1.6151   122.6973 
 -86.000  -0.21435   0.25954   0.33661   129.553   -1.6950   **   0.09460  -0.00278   0.09464    -1.685  -12.7163   **   -1.3646   131.2378 
 -85.000  -0.22137   0.26580   0.34591   129.788   -1.4583   **   0.09803  -0.01650   0.09941    -9.552  -12.2892   **   -1.1137   139.3405 
 -84.000  -0.22850   0.27184   0.35512   130.049   -1.2300   **   0.10102  -0.03056   0.10554   -16.830  -11.7692   **   -0.8625   146.8787 
 -83.000  -0.23575   0.27766   0.36425   130.333   -1.0096   **   0.10357  -0.04495   0.11291   -23.463  -11.1833   **   -0.6112   153.7956 
 -82.000  -0.24312   0.28327   0.37330   130.638   -0.7965   **   0.10568  -0.05967   0.12136   -29.452  -10.5557   **   -0.3601   160.0903 
 -81.000  -0.25062   0.28866   0.38227   130.965   -0.5900   **   0.10735  -0.07470   0.13079   -34.833   -9.9062   **   -0.1093   165.7980 
 -80.000  -0.25824   0.29384   0.39119   131.311   -0.3899   **   0.10859  -0.09003   0.14106   -39.662   -9.2497   **    0.1410   170.9726 
 -79.000  -0.26599   0.29880   0.40004   131.675   -0.1955   **   0.10939  -0.10564   0.15207   -44.000   -8.5966   **    0.3907   175.6747 
 -78.000  -0.27386   0.30355   0.40883   132.057   -0.0066   **   0.10977  -0.12151   0.16375   -47.907   -7.9541   **    0.6395   179.9636 
 -77.000  -0.28187   0.30809   0.41758   132.455    0.1772   **   0.10971  -0.13763   0.17601   -51.439   -7.3268   **    0.8874   183.8942 
 -76.000  -0.29000   0.31243   0.42627   132.868    0.3563   **   0.10924  -0.15398   0.18880   -54.646   -6.7175   **    1.1342   187.5146 
 -75.000  -0.29826   0.31655   0.43493   133.296    0.5308   **   0.10836  -0.17055   0.20206   -57.571   -6.1279   **    1.3796   190.8669 
 -74.000  -0.30665   0.32046   0.44354   133.738    0.7011   **   0.10706  -0.18731   0.21575   -60.249   -5.5586   **    1.6234   193.9868 
 -73.000  -0.31516   0.32416   0.45211   134.193    0.8674   **   0.10537  -0.20424   0.22982   -62.711   -5.0097   **    1.8655   196.9044 
 -72.000  -0.32379   0.32765   0.46064   134.660    1.0298   **   0.10328  -0.22133   0.24424   -64.985   -4.4812   **    2.1057   199.6455 
 -71.000  -0.33254   0.33093   0.46914   135.139    1.1885   **   0.10080  -0.23855   0.25897   -67.092   -3.9724   **    2.3437   202.2316 
 -70.000  -0.34140   0.33399   0.47760   135.629    1.3437   **   0.09795  -0.25587   0.27398   -69.052   -3.4831   **    2.5793   204.6811 
 -69.000  -0.35037   0.33683   0.48602   136.129    1.4955   **   0.09474  -0.27328   0.28924   -70.880   -3.0124   **    2.8122   207.0095 
 -68.000  -0.35945   0.33945   0.49440   136.639    1.6440   **   0.09117  -0.29075   0.30471   -72.591   -2.5597   **    3.0423   209.2300 
 -67.000  -0.36862   0.34185   0.50273   137.158    1.7892   **   0.08725  -0.30826   0.32037   -74.196   -2.1245   **    3.2693   211.3541 
 -66.000  -0.37788   0.34402   0.51102   137.686    1.9312   **   0.08300  -0.32577   0.33618   -75.706   -1.7062   **    3.4930   213.3914 
 -65.000  -0.38722   0.34596   0.51926   138.221    2.0701   **   0.07843  -0.34326   0.35211   -77.129   -1.3041   **    3.7131   215.3503 
 -64.000  -0.39664   0.34766   0.52744   138.765    2.2059   **   0.07356  -0.36070   0.36813   -78.473   -0.9176   **    3.9294   217.2382 
 -63.000  -0.40612   0.34912   0.53556   139.316    2.3385   **   0.06839  -0.37806   0.38420   -79.746   -0.5464   **    4.1417   219.0615 
 -62.000  -0.41565   0.35034   0.54360   139.873    2.4681   **   0.06295  -0.39532   0.40030   -80.952   -0.1898   **    4.3497   220.8256 
 -61.000  -0.42522   0.35131   0.55157   140.437    2.5944   **   0.05724  -0.41244   0.41639   -82.098    0.1525   **    4.5532   222.5357 
 -60.000  -0.43482   0.35201   0.55945   141.008    2.7176   **   0.05129  -0.42938   0.43243   -83.188    0.4809   **    4.7520   224.1960 
 -59.000  -0.44443   0.35246   0.56723   141.584    2.8376   **   0.04511  -0.44612   0.44840   -84.227    0.7958   **    4.9459   225.8105 
 -58.000  -0.45405   0.35263   0.57490   142.166    2.9542   **   0.03871  -0.46263   0.46425   -85.217    1.0975   **    5.1346   227.3827 
 -57.000  -0.46365   0.35252   0.58245   142.754    3.0676   **   0.03212  -0.47887   0.47994   -86.162    1.3863   **    5.3181   228.9158 
 -56.000  -0.47322   0.35213   0.58986   143.346    3.1775   **   0.02536  -0.49480   0.49545   -87.066    1.6624   **    5.4960   230.4126 
 -55.000  -0.48275   0.35145   0.59713   143.945    3.2839   **   0.01844  -0.51039   0.51072   -87.931    1.9262   **    5.6682   231.8759 
 -54.000  -0.49222   0.35047   0.60424   144.548    3.3867   **   0.01138  -0.52561   0.52573   -88.760    2.1778   **    5.8344   233.3081 
 -53.000  -0.50160   0.34918   0.61117   145.157    3.4858   **   0.00420  -0.54042   0.54043   -89.554    2.4173   **    5.9946   234.7115 
 -52.000  -0.51089   0.34758   0.61792   145.771    3.5811   **  -0.00307  -0.55478   0.55479   -90.317    2.6450   **    6.1485   236.0881 
 -51.000  -0.52006   0.34565   0.62446   146.390    3.6725   **  -0.01042  -0.56866   0.56876   -91.050    2.8610   **    6.2960   237.4400 
 -50.000  -0.52910   0.34340   0.63077   147.015    3.7599   **  -0.01782  -0.58202   0.58230   -91.754    3.0654   **    6.4368   238.7691 
 -49.000  -0.53798   0.34081   0.63685   147.646    3.8432   **  -0.02526  -0.59483   0.59537   -92.431    3.2582   **    6.5708   240.0773 
 -48.000  -0.54669   0.33787   0.64267   148.282    3.9222   **  -0.03270  -0.60706   0.60794   -93.084    3.4396   **    6.6979   241.3661 
 -47.000  -0.55520   0.33459   0.64822   148.925    3.9969   **  -0.04014  -0.61865   0.61995   -93.712    3.6096   **    6.8179   242.6374 
 -46.000  -0.56349   0.33094   0.65349   149.574    4.0672   **  -0.04755  -0.62959   0.63138   -94.319    3.7683   **    6.9306   243.8927 
 -45.000  -0.57154   0.32693   0.65844   150.230    4.1328   **  -0.05490  -0.63983   0.64218   -94.904    3.9156   **    7.0359   245.1337 
 -44.000  -0.57934   0.32255   0.66308   150.893    4.1938   **  -0.06217  -0.64934   0.65231   -95.469    4.0516   **    7.1336   246.3619 
 -43.000  -0.58685   0.31780   0.66738   151.563    4.2499   **  -0.06935  -0.65810   0.66174   -96.016    4.1762   **    7.2235   247.5788 
 -42.000  -0.59407   0.31266   0.67132   152.242    4.3011   **  -0.07641  -0.66605   0.67042   -96.544    4.2894   **    7.3056   248.7861 
 -41.000  -0.60096   0.30714   0.67490   152.929    4.3472   **  -0.08332  -0.67319   0.67832   -97.056    4.3912   **    7.3796   249.9851 
 -40.000  -0.60751   0.30123   0.67809   153.626    4.3882   **  -0.09007  -0.67947   0.68541   -97.551    4.4815   **    7.4454   251.1776 
 -39.000  -0.61369   0.29492   0.68088   154.333    4.4239   **  -0.09664  -0.68486   0.69165   -98.032    4.5601   **    7.5028   252.3649 
 -38.000  -0.61949   0.28822   0.68326   155.050    4.4542   **  -0.10301  -0.68934   0.69700   -98.499    4.6271   **    7.5518   253.5487 
 -37.000  -0.62489   0.28113   0.68522   155.778    4.4790   **  -0.10916  -0.69289   0.70143   -98.953    4.6822   **    7.5921   254.7306 
 -36.000  -0.62987   0.27364   0.68674   156.518    4.4983   **  -0.11506  -0.69547   0.70493   -99.394    4.7253   **    7.6236   255.9122 
 -35.000  -0.63440   0.26575   0.68782   157.271    4.5119   **  -0.12070  -0.69707   0.70744   -99.824    4.7563   **    7.6461   257.0950 
 -34.000  -0.63848   0.25747   0.68844   158.038    4.5198   **  -0.12607  -0.69767   0.70897  -100.243    4.7750   **    7.6596   258.2808 
 -33.000  -0.64208   0.24880   0.68860   158.819    4.5218   **  -0.13114  -0.69724   0.70947  -100.652    4.7811   **    7.6637   259.4713 
 -32.000  -0.64519   0.23974   0.68829   159.616    4.5179   **  -0.13591  -0.69578   0.70893  -101.053    4.7745   **    7.6584   260.6683 
 -31.000  -0.64780   0.23030   0.68752   160.429    4.5081   **  -0.14035  -0.69326   0.70732  -101.445    4.7548   **    7.6435   261.8736 
 -30.000  -0.64988   0.22048   0.68626   161.260    4.4923   **  -0.14445  -0.68968   0.70464  -101.829    4.7218   **    7.6189   263.0891 
 -29.000  -0.65143   0.21030   0.68454   162.109    4.4704   **  -0.14821  -0.68502   0.70087  -102.208    4.6752   **    7.5843   264.3167 
 -28.000  -0.65244   0.19975   0.68234   162.978    4.4424   **  -0.15160  -0.67929   0.69600  -102.581    4.6147   **    7.5397   265.5585 
 -27.000  -0.65290   0.18886   0.67967   163.867    4.4084   **  -0.15463  -0.67248   0.69003  -102.950    4.5398   **    7.4849   266.8167 
 -26.000  -0.65280   0.17762   0.67653   164.779    4.3682   **  -0.15728  -0.66458   0.68294  -103.315    4.4501   **    7.4196   268.0933 
 -25.000  -0.65212   0.16606   0.67293   165.713    4.3219   **  -0.15955  -0.65560   0.67473  -103.678    4.3451   **    7.3438   269.3909 
 -24.000  -0.65087   0.15419   0.66889   166.672    4.2695   **  -0.16143  -0.64554   0.66542  -104.040    4.2244   **    7.2573   270.7119 
 -23.000  -0.64904   0.14202   0.66440   167.657    4.2111   **  -0.16291  -0.63442   0.65500  -104.402    4.0873   **    7.1599   272.0587 
 -22.000  -0.64664   0.12958   0.65949   168.669    4.1466   **  -0.16400  -0.62224   0.64349  -104.766    3.9333   **    7.0516   273.4343 
 -21.000  -0.64365   0.11687   0.65417   169.709    4.0763   **  -0.16470  -0.60901   0.63089  -105.133    3.7615   **    6.9321   274.8416 
 -20.000  -0.64008   0.10392   0.64846   170.778    4.0001   **  -0.16500  -0.59476   0.61722  -105.505    3.5713   **    6.8013   276.2837 
 -19.000  -0.63593   0.09075   0.64237   171.879    3.9182   **  -0.16491  -0.57950   0.60251  -105.885    3.3617   **    6.6591   277.7639 
 -18.000  -0.63121   0.07737   0.63593   173.011    3.8307   **  -0.16444  -0.56325   0.58676  -106.275    3.1317   **    6.5056   279.2860 
 -17.000  -0.62592   0.06383   0.62917   174.178    3.7378   **  -0.16358  -0.54605   0.57002  -106.676    2.8803   **    6.3405   280.8540 
 -16.000  -0.62007   0.05013   0.62210   175.378    3.6396   **  -0.16235  -0.52791   0.55231  -107.094    2.6061   **    6.1639   282.4724 
 -15.000  -0.61368   0.03630   0.61475   176.615    3.5364   **  -0.16075  -0.50888   0.53366  -107.531    2.3078   **    5.9757   284.1460 
 -14.000  -0.60674   0.02237   0.60715   177.889    3.4285   **  -0.15880  -0.48898   0.51412  -107.992    1.9837   **    5.7762   285.8804 
 -13.000  -0.59928   0.00836   0.59934   179.200    3.3159   **  -0.15651  -0.46825   0.49371  -108.481    1.6319   **    5.5654   287.6819 
 -12.000  -0.59131  -0.00569   0.59134  -179.449    3.1992   **  -0.15388  -0.44673   0.47249  -109.007    1.2503   **    5.3435   -70.4420 
 -11.000  -0.58285  -0.01976   0.58318  -178.059    3.0785   **  -0.15094  -0.42447   0.45051  -109.576    0.8365   **    5.1109   -68.4828 
 -10.000  -0.57390  -0.03381   0.57490  -176.628    2.9543   **  -0.14771  -0.40150   0.42781  -110.198    0.3874   **    4.8681   -66.4300 
  -9.000  -0.56450  -0.04783   0.56653  -175.157    2.8269   **  -0.14419  -0.37787   0.40445  -110.886   -0.1003   **    4.6157   -64.2711 
  -8.000  -0.55467  -0.06177   0.55810  -173.645    2.6967   **  -0.14041  -0.35364   0.38049  -111.655   -0.6306   **    4.3545   -61.9903 
  -7.000  -0.54442  -0.07561   0.54964  -172.093    2.5641   **  -0.13638  -0.32885   0.35601  -112.525   -1.2084   **    4.0855   -59.5674 
  -6.000  -0.53377  -0.08932   0.54119  -170.500    2.4295   **  -0.13213  -0.30355   0.33106  -113.523   -1.8394   **    3.8100   -56.9766 
  -5.000  -0.52276  -0.10287   0.53279  -168.868    2.2935   **  -0.12768  -0.27780   0.30574  -114.685   -2.5306   **    3.5297   -54.1830 
  -4.000  -0.51141  -0.11622   0.52445  -167.197    2.1565   **  -0.12305  -0.25165   0.28012  -116.057   -3.2906   **    3.2465   -51.1393 
  -3.000  -0.49974  -0.12934   0.51621  -165.489    2.0189   **  -0.11826  -0.22516   0.25433  -117.710   -4.1296   **    2.9627   -47.7793 
  -2.000  -0.48778  -0.14221   0.50809  -163.746    1.8813   **  -0.11334  -0.19839   0.22848  -119.738   -5.0605   **    2.6811   -44.0074 
  -1.000  -0.47556  -0.15480   0.50012  -161.970    1.7440   **  -0.10830  -0.17139   0.20274  -122.288   -6.0987   **    2.4047   -39.6816 
   0.000  -0.46311  -0.16707   0.49232  -160.163    1.6075   **  -0.10318  -0.14423   0.17733  -125.578   -7.2617   **    2.1373   -34.5846 
   1.000  -0.45045  -0.17899   0.48471  -158.329    1.4722   **  -0.09799  -0.11696   0.15258  -129.957   -8.5675   **    1.8825   -28.3726 
   2.000  -0.43763  -0.19054   0.47731  -156.472    1.3384   **  -0.09276  -0.08964   0.12900  -135.981  -10.0259   **    1.6446   -20.4907 
   3.000  -0.42465  -0.20169   0.47012  -154.594    1.2066   **  -0.08752  -0.06233   0.10745  -144.542  -11.6133   **    1.4277   -10.0525 
   4.000  -0.41157  -0.21242   0.46315  -152.701    1.0769   **  -0.08229  -0.03510   0.08946  -156.902  -13.2046   **    1.2360     4.2005 
   5.000  -0.39839  -0.22269   0.45641  -150.796    0.9495   **  -0.07709  -0.00799   0.07751  -174.082  -14.4509   **    1.0730    23.2852 
   6.000  -0.38517  -0.23248   0.44989  -148.885    0.8246   **  -0.07195   0.01893   0.07440   165.262  -14.8065   **    0.9418  -314.1477 
   7.000  -0.37192  -0.24178   0.44360  -146.973    0.7022   **  -0.06688   0.04560   0.08095   145.716  -14.0733   **    0.8445  -292.6887 
   8.000  -0.35867  -0.25055   0.43752  -145.063    0.5823   **  -0.06192   0.07197   0.09494   130.709  -12.6885   **    0.7822  -275.7720 
   9.000  -0.34546  -0.25879   0.43164  -143.163    0.4648   **  -0.05708   0.09798   0.11340   120.224  -11.1457   **    0.7547  -263.3862 
  10.000  -0.33230  -0.26646   0.42594  -141.275    0.3495   **  -0.05238   0.12358   0.13423   112.970   -9.6808   **    0.7607  -254.2459 
  11.000  -0.31924  -0.27356   0.42042  -139.407    0.2360   **  -0.04785   0.14872   0.15623   107.834   -8.3624   **    0.7978  -247.2413 
  12.000  -0.30630  -0.28006   0.41503  -137.562    0.1241   **  -0.04349   0.17334   0.17872   104.085   -7.1942   **    0.8628  -241.6471 
  13.000  -0.29349  -0.28596   0.40977  -135.744    0.0133   **  -0.03934   0.19740   0.20129   101.271   -6.1613   **    0.9520  -237.0151 
  14.000  -0.28086  -0.29124   0.40460  -133.960   -0.0970   **  -0.03540   0.22085   0.22367    99.107   -5.2452   **    1.0612  -233.0664 
  15.000  -0.26841  -0.29590   0.39950  -132.211   -0.2072   **  -0.03169   0.24365   0.24570    97.412   -4.4293   **    1.1861  -229.6229 
  16.000  -0.25618  -0.29992   0.39444  -130.503   -0.3180   **  -0.02823   0.26575   0.26725    96.064   -3.6993   **    1.3227  -226.5673 
  17.000  -0.24419  -0.30329   0.38938  -128.838   -0.4301   **  -0.02503   0.28711   0.28820    94.982   -3.0436   **    1.4671  -223.8204 
  18.000  -0.23245  -0.30603   0.38430  -127.220   -0.5441   **  -0.02209   0.30770   0.30849    94.107   -2.4526   **    1.6159  -221.3270 
  19.000  -0.22099  -0.30811   0.37917  -125.651   -0.6609   **  -0.01944   0.32748   0.32806    93.397   -1.9185   **    1.7659  -219.0478 
  20.000  -0.20983  -0.30954   0.37396  -124.133   -0.7811   **  -0.01707   0.34642   0.34684    92.821   -1.4350   **    1.9146  -216.9541 
  21.000  -0.19898  -0.31032   0.36864  -122.668   -0.9056   **  -0.01500   0.36449   0.36480    92.357   -0.9965   **    2.0595  -215.0248 
  22.000  -0.18846  -0.31046   0.36318  -121.259   -1.0350   **  -0.01323   0.38166   0.38189    91.985   -0.5988   **    2.1988  -213.2437 
  23.000  -0.17827  -0.30996   0.35757  -119.905   -1.1703   **  -0.01176   0.39791   0.39808    91.693   -0.2381   **    2.3311  -211.5984 
  24.000  -0.16844  -0.30882   0.35177  -118.610   -1.3122   **  -0.01060   0.41322   0.41335    91.470    0.0889   **    2.4549  -210.0793 
  25.000  -0.15898  -0.30706   0.34578  -117.373   -1.4616   **  -0.00975   0.42756   0.42767    91.306    0.3847   **    2.5693  -208.6789 
  26.000  -0.14989  -0.30469   0.33956  -116.195   -1.6192   **  -0.00920   0.44094   0.44103    91.196    0.6519   **    2.6734  -207.3909 
  27.000  -0.14118  -0.30171   0.33311  -115.077   -1.7859   **  -0.00897   0.45332   0.45341    91.133    0.8923   **    2.7667  -206.2107 
  28.000  -0.13287  -0.29814   0.32640  -114.021   -1.9625   **  -0.00903   0.46471   0.46480    91.114    1.1077   **    2.8488  -205.1343 
  29.000  -0.12494  -0.29399   0.31944  -113.025   -2.1498   **  -0.00940   0.47509   0.47519    91.133    1.2997   **    2.9191  -204.1587 
  30.000  -0.11742  -0.28928   0.31221  -112.092   -2.3487   **  -0.01006   0.48447   0.48457    91.189    1.4696   **    2.9775  -203.2817 
  31.000  -0.11030  -0.28404   0.30470  -111.223   -2.5601   **  -0.01100   0.49283   0.49296    91.279    1.6186   **    3.0239  -202.5015 
  32.000  -0.10358  -0.27827   0.29692  -110.417   -2.7848   **  -0.01222   0.50019   0.50034    91.400    1.7478   **    3.0581  -201.8173 
  33.000  -0.09727  -0.27199   0.28886  -109.677   -3.0238   **  -0.01372   0.50655   0.50673    91.551    1.8580   **    3.0800  -201.2285 
  34.000  -0.09135  -0.26523   0.28052  -109.005   -3.2781   **  -0.01547   0.51190   0.51214    91.731    1.9502   **    3.0897  -200.7355 
  35.000  -0.08584  -0.25801   0.27192  -108.402   -3.5488   **  -0.01746   0.51627   0.51657    91.937    2.0250   **    3.0872  -200.3392 
  36.000  -0.08072  -0.25036   0.26305  -107.871   -3.8369   **  -0.01970   0.51966   0.52003    92.171    2.0831   **    3.0725  -200.0413 
  37.000  -0.07600  -0.24228   0.25392  -107.415   -4.1435   **  -0.02215   0.52209   0.52256    92.429    2.1251   **    3.0457  -199.8444 
  38.000  -0.07166  -0.23382   0.24455  -107.039   -4.4701   **  -0.02481   0.52356   0.52415    92.713    2.1516   **    3.0069  -199.7519 
  39.000  -0.06770  -0.22499   0.23495  -106.747   -4.8179   **  -0.02767   0.52411   0.52484    93.022    2.1629   **    2.9562  -199.7686 
  40.000  -0.06411  -0.21582   0.22514  -106.546   -5.1886   **  -0.03070   0.52374   0.52464    93.355    2.1596   **    2.8937  -199.9006 
  41.000  -0.06090  -0.20633   0.21512  -106.443   -5.5837   **  -0.03390   0.52248   0.52357    93.712    2.1420   **    2.8195  -200.1556 
  42.000  -0.05803  -0.19655   0.20493  -106.450   -6.0052   **  -0.03724   0.52034   0.52168    94.093    2.1105   **    2.7337  -200.5434 
  43.000  -0.05552  -0.18650   0.19459  -106.577   -6.4552   **  -0.04071   0.51737   0.51897    94.499    2.0653   **    2.6366  -201.0765 
  44.000  -0.05334  -0.17621   0.18411  -106.841   -6.9359   **  -0.04429   0.51357   0.51548    94.929    2.0067   **    2.5281  -201.7706 
  45.000  -0.05149  -0.16572   0.17353  -107.261   -7.4500   **  -0.04797   0.50898   0.51123    95.384    1.9349   **    2.4085  -202.6455 
  46.000  -0.04996  -0.15503   0.16288  -107.863   -8.0003   **  -0.05172   0.50362   0.50627    95.864    1.8501   **    2.2779  -203.7265 
  47.000  -0.04873  -0.14418   0.15219  -108.676   -8.5898   **  -0.05554   0.49753   0.50062    96.370    1.7526   **    2.1364  -205.0461 
  48.000  -0.04780  -0.13319   0.14150  -109.745   -9.2221   **  -0.05940   0.49072   0.49430    96.901    1.6423   **    1.9844  -206.6459 
  49.000  -0.04716  -0.12208   0.13087  -111.120   -9.9005   **  -0.06328   0.48324   0.48736    97.460    1.5195   **    1.8219  -208.5805 
  50.000  -0.04678  -0.11089   0.12035  -112.874  -10.6284   **  -0.06716   0.47511   0.47983    98.046    1.3842   **    1.6492  -210.9209 
  51.000  -0.04667  -0.09963   0.11002  -115.100  -11.4084   **  -0.07104   0.46636   0.47174    98.662    1.2365   **    1.4665  -213.7612 
  52.000  -0.04680  -0.08832   0.09996  -117.919  -12.2411   **  -0.07489   0.45703   0.46312    99.306    1.0764   **    1.2741  -217.2254 
  53.000  -0.04718  -0.07700   0.09030  -121.494  -13.1235   **  -0.07870   0.44714   0.45401    99.982    0.9038   **    1.0723  -221.4763 
  54.000  -0.04777  -0.06568   0.08121  -126.032  -14.0448   **  -0.08244   0.43673   0.44445   100.690    0.7188   **    0.8615  -226.7223 
  55.000  -0.04859  -0.05438   0.07292  -131.783  -14.9805   **  -0.08611   0.42583   0.43445   101.431    0.5213   **    0.6420  -233.2141 
  56.000  -0.04960  -0.04312   0.06572  -139.004  -15.8831   **  -0.08968   0.41448   0.42407   102.209    0.3112   **    0.4143  -241.2123 
  57.000  -0.05082  -0.03192   0.06001  -147.868  -16.6735   **  -0.09314   0.40270   0.41333   103.023    0.0884   **    0.1790  -250.8911 
  58.000  -0.05221  -0.02080   0.05620  -158.281  -17.2432   **  -0.09648   0.39052   0.40227   103.877   -0.1473   **   -0.0633  -262.1585 
  59.000  -0.05377  -0.00977   0.05465  -169.700  -17.4850   **  -0.09968   0.37799   0.39091   104.773   -0.3960   **   -0.3119  -274.4730 
  60.000  -0.05550   0.00114   0.05551   178.826  -17.3495   **  -0.10273   0.36512   0.37929   105.714   -0.6580   **   -0.5660    73.1120 
  61.000  -0.05738   0.01192   0.05861   168.267  -16.8782   **  -0.10561   0.35195   0.36745   106.703   -0.9336   **   -0.8245    61.5642 
  62.000  -0.05941   0.02256   0.06355   159.210  -16.1754   **  -0.10831   0.33851   0.35541   107.742   -1.2229   **   -1.0863    51.4680 
  63.000  -0.06157   0.03304   0.06988   151.785  -15.3509   **  -0.11081   0.32482   0.34320   108.837   -1.5265   **   -1.3501    42.9481 
  64.000  -0.06387   0.04335   0.07719   145.835  -14.4867   **  -0.11312   0.31093   0.33086   109.992   -1.8446   **   -1.6144    35.8432 
  65.000  -0.06628   0.05347   0.08516   141.103  -13.6328   **  -0.11521   0.29684   0.31842   111.211   -2.1776   **   -1.8776    29.8917 
  66.000  -0.06880   0.06341   0.09357   137.337  -12.8151   **  -0.11707   0.28261   0.30589   112.501   -2.5261   **   -2.1377    24.8354 
  67.000  -0.07144   0.07314   0.10224   134.325  -12.0450   **  -0.11869   0.26824   0.29333   113.869   -2.8905   **   -2.3926    20.4562 
  68.000  -0.07417   0.08266   0.11106   131.902  -11.3261   **  -0.12007   0.25377   0.28074   115.322   -3.2715   **   -2.6400    16.5806 
  69.000  -0.07701   0.09196   0.11995   129.942  -10.6577   **  -0.12120   0.23922   0.26817   116.869   -3.6695   **   -2.8774    13.0730 
  70.000  -0.07993   0.10104   0.12883   128.348  -10.0371   **  -0.12206   0.22461   0.25563   118.521   -4.0852   **   -3.1023     9.8271 
  71.000  -0.08294   0.10988   0.13767   127.048   -9.4608   **  -0.12265   0.20997   0.24317   120.290   -4.5193   **   -3.3119     6.7581 
  72.000  -0.08604   0.11848   0.14643   125.987   -8.9252   **  -0.12296   0.19533   0.23081   122.191   -4.9724   **   -3.5035     3.7961 
  73.000  -0.08922   0.12684   0.15507   125.122   -8.4269   **  -0.12299   0.18070   0.21859   124.240   -5.4451   **   -3.6747     0.8815 
  74.000  -0.09247   0.13495   0.16359   124.420   -7.9624   **  -0.12273   0.16611   0.20653   126.459   -5.9380   **   -3.8230    -2.0392 
  75.000  -0.09580   0.14281   0.17197   123.855   -7.5287   **  -0.12217   0.15157   0.19468   128.870   -6.4513   **   -3.9464    -5.0157 
  76.000  -0.09920   0.15042   0.18018   123.406   -7.1232   **  -0.12131   0.13711   0.18307   131.503   -6.9851   **   -4.0433    -8.0969 
  77.000  -0.10268   0.15777   0.18824   123.057   -6.7433   **  -0.12015   0.12274   0.17176   134.389   -7.5392   **   -4.1127   -11.3326 
  78.000  -0.10623   0.16487   0.19613   122.795   -6.3869   **  -0.11868   0.10848   0.16079   137.570   -8.1124   **   -4.1542   -14.7756 
  79.000  -0.10985   0.17171   0.20384   122.608   -6.0519   **  -0.11690   0.09436   0.15023   141.091   -8.7026   **   -4.1678   -18.4825 
  80.000  -0.11354   0.17829   0.21137   122.489   -5.7366   **  -0.11480   0.08037   0.14014   145.004   -9.3062   **   -4.1542   -22.5146 
  81.000  -0.11730   0.18462   0.21873   122.430   -5.4393   **  -0.11239   0.06655   0.13062   149.368   -9.9173   **   -4.1148   -26.9377 
  82.000  -0.12113   0.19069   0.22591   122.425   -5.1587   **  -0.10967   0.05291   0.12176   154.244  -10.5273   **   -4.0511   -31.8196 
  83.000  -0.12504   0.19651   0.23292   122.468   -4.8933   **  -0.10662   0.03945   0.11369   159.693  -11.1233   **   -3.9653   -37.2247 
  84.000  -0.12902   0.20208   0.23976   122.557   -4.6421   **  -0.10326   0.02620   0.10653   165.761  -11.6879   **   -3.8596   -43.2043 
  85.000  -0.13308   0.20740   0.24643   122.686   -4.4038   **  -0.09958   0.01317   0.10045   172.467  -12.1988   **   -3.7363   -49.7812 
  86.000  -0.13721   0.21248   0.25293   122.854   -4.1775   **  -0.09558   0.00036   0.09558   179.785  -12.6297   **   -3.5978   -56.9308 
  87.000  -0.14143   0.21731   0.25927   123.057   -3.9624   **  -0.09127  -0.01221   0.09209  -172.381  -12.9536   **   -3.4464   295.4375 
  88.000  -0.14572   0.22189   0.26546   123.294   -3.7574   **  -0.08665  -0.02453   0.09006  -164.193  -13.1474   **   -3.2843   287.4870 
  89.000  -0.15010   0.22624   0.27151   123.562   -3.5619   **  -0.08172  -0.03659   0.08953  -155.878  -13.1977   **   -3.1136   279.4396 
  90.000  -0.15456   0.23036   0.27741   123.860   -3.3752   **  -0.07647  -0.04838   0.09049  -147.679  -13.1051   **   -2.9360   271.5392 


   --    >>-------   -------   --ER --   -------   -------<< ** >>-------   -------   --EL --   -------   -------<< ** >>-------   --------<<
 É∆(deg)   RRAD.re   RRAD.im    |RRAD|    RPHASE  RGAI(dB)   **   LRAD.re   LRAD.im    |LRAD|    LPHASE  LGAI(dB)   ** TFGAI(dB)     AR(dB)
 -90.000  -0.07787  -0.06950   0.10437  -138.254   -8.8553   **   0.15435   0.11788   0.19421    37.370   -3.4616   **   -2.3597    10.4321 
 -89.000  -0.07887  -0.07890   0.11156  -134.989   -8.2772   **   0.16053   0.11506   0.19751    35.632   -3.3156   **   -2.1130    11.1162 
 -88.000  -0.07996  -0.08855   0.11931  -132.084   -7.6937   **   0.16637   0.11210   0.20062    33.972   -3.1798   **   -1.8647    11.8983 
 -87.000  -0.08116  -0.09844   0.12758  -129.507   -7.1114   **   0.17189   0.10901   0.20354    32.382   -3.0543   **   -1.6151    12.7885 
 -86.000  -0.08247  -0.10857   0.13634  -127.222   -6.5349   **   0.17707   0.10578   0.20626    30.855   -2.9390   **   -1.3646    13.8035 
 -85.000  -0.08389  -0.11893   0.14554  -125.197   -5.9677   **   0.18191   0.10244   0.20877    29.384   -2.8338   **   -1.1137    14.9687 
 -84.000  -0.08541  -0.12953   0.15515  -123.401   -5.4120   **   0.18643   0.09897   0.21107    27.963   -2.7386   **   -0.8625    16.3237 
 -83.000  -0.08705  -0.14035   0.16515  -121.808   -4.8695   **   0.19062   0.09540   0.21316    26.587   -2.6533   **   -0.6112    17.9317 
 -82.000  -0.08879  -0.15140   0.17552  -120.392   -4.3409   **   0.19448   0.09172   0.21502    25.251   -2.5776   **   -0.3601    19.9002 
 -81.000  -0.09065  -0.16266   0.18622  -119.132   -3.8269   **   0.19801   0.08796   0.21666    23.951   -2.5115   **   -0.1093    22.4328 
 -80.000  -0.09262  -0.17413   0.19724  -118.009   -3.3275   **   0.20121   0.08410   0.21808    22.684   -2.4548   **    0.1410    25.9869 
 -79.000  -0.09470  -0.18581   0.20855  -117.007   -2.8428   **   0.20410   0.08018   0.21928    21.446   -2.4073   **    0.3907    32.0184 
 -78.000  -0.09689  -0.19769   0.22016  -116.111   -2.3727   **   0.20666   0.07618   0.22025    20.235   -2.3689   **    0.6395    60.0000 
 -77.000  -0.09919  -0.20975   0.23202  -115.309   -1.9167   **   0.20890   0.07212   0.22100    19.046   -2.3393   **    0.8874    32.2802 
 -76.000  -0.10159  -0.22199   0.24413  -114.591   -1.4747   **   0.21083   0.06801   0.22153    17.878   -2.3185   **    1.1342    26.2784 
 -75.000  -0.10410  -0.23441   0.25648  -113.945   -1.0462   **   0.21245   0.06386   0.22184    16.729   -2.3064   **    1.3796    22.8032 
 -74.000  -0.10670  -0.24698   0.26904  -113.365   -0.6309   **   0.21376   0.05967   0.22193    15.596   -2.3028   **    1.6234    20.3593 
 -73.000  -0.10940  -0.25970   0.28180  -112.843   -0.2284   **   0.21476   0.05546   0.22181    14.479   -2.3077   **    1.8655    18.4799 
 -72.000  -0.11219  -0.27256   0.29474  -112.372    0.1617   **   0.21546   0.05123   0.22147    13.374   -2.3209   **    2.1057    16.9576 
 -71.000  -0.11506  -0.28554   0.30785  -111.947    0.5396   **   0.21586   0.04699   0.22092    12.282   -2.3425   **    2.3437    15.6818 
 -70.000  -0.11802  -0.29864   0.32111  -111.563    0.9059   **   0.21597   0.04276   0.22016    11.200   -2.3724   **    2.5793    14.5864 
 -69.000  -0.12104  -0.31183   0.33450  -111.215    1.2606   **   0.21578   0.03854   0.21920    10.127   -2.4105   **    2.8122    13.6289 
 -68.000  -0.12414  -0.32510   0.34800  -110.900    1.6043   **   0.21531   0.03435   0.21803     9.064   -2.4569   **    3.0423    12.7801 
 -67.000  -0.12730  -0.33844   0.36159  -110.613    1.9370   **   0.21455   0.03018   0.21666     8.007   -2.5116   **    3.2693    12.0194 
 -66.000  -0.13051  -0.35183   0.37525  -110.352    2.2592   **   0.21351   0.02606   0.21509     6.958   -2.5746   **    3.4930    11.3313 
 -65.000  -0.13376  -0.36524   0.38897  -110.114    2.5710   **   0.21220   0.02198   0.21333     5.914   -2.6461   **    3.7131    10.7041 
 -64.000  -0.13705  -0.37867   0.40271  -109.897    2.8726   **   0.21061   0.01797   0.21138     4.877   -2.7261   **    3.9294    10.1288 
 -63.000  -0.14037  -0.39209   0.41646  -109.697    3.1642   **   0.20876   0.01403   0.20923     3.844   -2.8148   **    4.1417     9.5981 
 -62.000  -0.14370  -0.40548   0.43019  -109.513    3.4460   **   0.20664   0.01016   0.20689     2.816   -2.9123   **    4.3497     9.1063 
 -61.000  -0.14703  -0.41883   0.44389  -109.344    3.7182   **   0.20427   0.00639   0.20437     1.792   -3.0187   **    4.5532     8.6484 
 -60.000  -0.15036  -0.43210   0.45751  -109.187    3.9809   **   0.20165   0.00272   0.20167     0.772   -3.1344   **    4.7520     8.2206 
 -59.000  -0.15367  -0.44528   0.47105  -109.041    4.2341   **   0.19878  -0.00085   0.19878    -0.244   -3.2597   **    4.9459     7.8194 
 -58.000  -0.15696  -0.45834   0.48447  -108.904    4.4781   **   0.19567  -0.00429   0.19572    -1.257   -3.3947   **    5.1346     7.4420 
 -57.000  -0.16020  -0.47126   0.49774  -108.775    4.7129   **   0.19232  -0.00761   0.19247    -2.266   -3.5398   **    5.3181     7.0860 
 -56.000  -0.16339  -0.48401   0.51084  -108.653    4.9385   **   0.18875  -0.01079   0.18905    -3.271   -3.6955   **    5.4960     6.7492 
 -55.000  -0.16651  -0.49657   0.52374  -108.537    5.1551   **   0.18494  -0.01382   0.18546    -4.273   -3.8623   **    5.6682     6.4298 
 -54.000  -0.16955  -0.50891   0.53641  -108.426    5.3627   **   0.18092  -0.01670   0.18169    -5.272   -4.0405   **    5.8344     6.1261 
 -53.000  -0.17249  -0.52101   0.54882  -108.318    5.5614   **   0.17669  -0.01941   0.17775    -6.268   -4.2308   **    5.9946     5.8366 
 -52.000  -0.17532  -0.53284   0.56094  -108.213    5.7511   **   0.17225  -0.02194   0.17365    -7.260   -4.4339   **    6.1485     5.5601 
 -51.000  -0.17804  -0.54436   0.57274  -108.111    5.9319   **   0.16762  -0.02430   0.16937    -8.248   -4.6505   **    6.2960     5.2953 
 -50.000  -0.18061  -0.55556   0.58418  -108.009    6.1037   **   0.16279  -0.02646   0.16493    -9.233   -4.8814   **    6.4368     5.0413 
 -49.000  -0.18303  -0.56641   0.59525  -107.908    6.2667   **   0.15778  -0.02843   0.16032   -10.213   -5.1277   **    6.5708     4.7970 
 -48.000  -0.18529  -0.57687   0.60590  -107.807    6.4208   **   0.15258  -0.03018   0.15554   -11.190   -5.3903   **    6.6979     4.5616 
 -47.000  -0.18736  -0.58692   0.61611  -107.705    6.5659   **   0.14722  -0.03173   0.15060   -12.161   -5.6706   **    6.8179     4.3342 
 -46.000  -0.18924  -0.59654   0.62584  -107.601    6.7020   **   0.14170  -0.03305   0.14550   -13.129   -5.9699   **    6.9306     4.1140 
 -45.000  -0.19092  -0.60569   0.63506  -107.495    6.8291   **   0.13602  -0.03414   0.14024   -14.091   -6.2900   **    7.0359     3.9004 
 -44.000  -0.19236  -0.61434   0.64375  -107.386    6.9472   **   0.13019  -0.03500   0.13481   -15.048   -6.6326   **    7.1336     3.6926 
 -43.000  -0.19357  -0.62248   0.65188  -107.274    7.0561   **   0.12422  -0.03562   0.12923   -16.000   -7.0000   **    7.2235     3.4900 
 -42.000  -0.19453  -0.63006   0.65941  -107.158    7.1559   **   0.11813  -0.03599   0.12349   -16.946   -7.3947   **    7.3056     3.2921 
 -41.000  -0.19523  -0.63707   0.66632  -107.038    7.2464   **   0.11191  -0.03611   0.11759   -17.886   -7.8198   **    7.3796     3.0982 
 -40.000  -0.19565  -0.64349   0.67257  -106.912    7.3276   **   0.10558  -0.03598   0.11154   -18.819   -8.2788   **    7.4454     2.9077 
 -39.000  -0.19578  -0.64928   0.67815  -106.780    7.3993   **   0.09914  -0.03558   0.10533   -19.744   -8.7762   **    7.5028     2.7202 
 -38.000  -0.19562  -0.65442   0.68303  -106.642    7.4616   **   0.09261  -0.03492   0.09897   -20.663   -9.3170   **    7.5518     2.5350 
 -37.000  -0.19514  -0.65889   0.68718  -106.498    7.5142   **   0.08599  -0.03400   0.09246   -21.573   -9.9079   **    7.5921     2.3517 
 -36.000  -0.19435  -0.66267   0.69058  -106.345    7.5571   **   0.07929  -0.03280   0.08581   -22.475  -10.5569   **    7.6236     2.1697 
 -35.000  -0.19323  -0.66574   0.69321  -106.185    7.5901   **   0.07252  -0.03133   0.07900   -23.367  -11.2743   **    7.6461     1.9885 
 -34.000  -0.19177  -0.66807   0.69505  -106.016    7.6131   **   0.06570  -0.02959   0.07206   -24.248  -12.0736   **    7.6596     1.8075 
 -33.000  -0.18997  -0.66966   0.69609  -105.838    7.6260   **   0.05883  -0.02758   0.06497   -25.118  -12.9726   **    7.6637     1.6262 
 -32.000  -0.18782  -0.67048   0.69630  -105.649    7.6286   **   0.05192  -0.02529   0.05775   -25.973  -13.9961   **    7.6584     1.4441 
 -31.000  -0.18532  -0.67053   0.69567  -105.450    7.6208   **   0.04498  -0.02273   0.05039   -26.812  -15.1796   **    7.6435     1.2606 
 -30.000  -0.18247  -0.66978   0.69419  -105.239    7.6023   **   0.03802  -0.01990   0.04291   -27.628  -16.5763   **    7.6189     1.0751 
 -29.000  -0.17925  -0.66823   0.69185  -105.016    7.5731   **   0.03105  -0.01679   0.03530   -28.412  -18.2725   **    7.5843     0.8870 
 -28.000  -0.17568  -0.66587   0.68865  -104.780    7.5328   **   0.02407  -0.01342   0.02756   -29.143  -20.4204   **    7.5397     0.6957 
 -27.000  -0.17174  -0.66269   0.68458  -104.529    7.4813   **   0.01711  -0.00979   0.01971   -29.767  -23.3315   **    7.4849     0.5004 
 -26.000  -0.16745  -0.65869   0.67964  -104.264    7.4183   **   0.01017  -0.00589   0.01175   -30.082  -27.8234   **    7.4196     0.3005 
 -25.000  -0.16281  -0.65386   0.67382  -103.982    7.3437   **   0.00326  -0.00174   0.00369   -28.095  -37.8797   **    7.3438     0.0952 
 -24.000  -0.15781  -0.64821   0.66714  -103.683    7.2571   **  -0.00362   0.00266   0.00449   143.624  -36.1781   **    7.2573     0.1170 
 -23.000  -0.15247  -0.64173   0.65960  -103.365    7.1583   **  -0.01044   0.00731   0.01275   145.000  -27.1176   **    7.1599     0.3358 
 -22.000  -0.14679  -0.63444   0.65120  -103.027    7.0470   **  -0.01721   0.01220   0.02110   144.672  -22.7427   **    7.0516     0.5630 
 -21.000  -0.14078  -0.62633   0.64196  -102.668    6.9229   **  -0.02391   0.01732   0.02953   144.090  -19.8230   **    6.9321     0.7996 
 -20.000  -0.13446  -0.61742   0.63189  -102.286    6.7856   **  -0.03054   0.02266   0.03803   143.427  -17.6249   **    6.8013     1.0468 
 -19.000  -0.12783  -0.60771   0.62101  -101.879    6.6348   **  -0.03708   0.02822   0.04660   142.733  -15.8601   **    6.6591     1.3059 
 -18.000  -0.12090  -0.59723   0.60935  -101.444    6.4700   **  -0.04353   0.03398   0.05522   142.026  -14.3851   **    6.5056     1.5786 
 -17.000  -0.11370  -0.58598   0.59691  -100.981    6.2910   **  -0.04988   0.03994   0.06389   141.315  -13.1180   **    6.3405     1.8667 
 -16.000  -0.10624  -0.57399   0.58374  -100.486    6.0972   **  -0.05611   0.04608   0.07261   140.605  -12.0076   **    6.1639     2.1720 
 -15.000  -0.09852  -0.56128   0.56986   -99.956    5.8881   **  -0.06223   0.05240   0.08135   139.900  -11.0200   **    5.9757     2.4970 
 -14.000  -0.09058  -0.54786   0.55530   -99.388    5.6633   **  -0.06822   0.05888   0.09011   139.200  -10.1314   **    5.7762     2.8442 
 -13.000  -0.08243  -0.53377   0.54009   -98.779    5.4221   **  -0.07407   0.06552   0.09889   138.507   -9.3243   **    5.5654     3.2170 
 -12.000  -0.07410  -0.51902   0.52428   -98.125    5.1641   **  -0.07978   0.07229   0.10766   137.821   -8.5858   **    5.3435     3.6188 
 -11.000  -0.06559  -0.50366   0.50791   -97.420    4.8885   **  -0.08535   0.07919   0.11643   137.144   -7.9060   **    5.1109     4.0542 
 -10.000  -0.05695  -0.48770   0.49101   -96.660    4.5946   **  -0.09076   0.08620   0.12517   136.475   -7.2770   **    4.8681     4.5284 
  -9.000  -0.04818  -0.47119   0.47365   -95.838    4.2818   **  -0.09601   0.09332   0.13389   135.815   -6.6925   **    4.6157     5.0480 
  -8.000  -0.03932  -0.45415   0.45585   -94.948    3.9492   **  -0.10109   0.10052   0.14256   135.163   -6.1475   **    4.3545     5.6209 
  -7.000  -0.03038  -0.43663   0.43769   -93.981    3.5960   **  -0.10600   0.10779   0.15117   134.521   -5.6377   **    4.0855     6.2573 
  -6.000  -0.02141  -0.41866   0.41921   -92.927    3.2213   **  -0.11073   0.11511   0.15972   133.888   -5.1598   **    3.8100     6.9703 
  -5.000  -0.01241  -0.40028   0.40047   -91.775    2.8242   **  -0.11528   0.12248   0.16820   133.264   -4.7109   **    3.5297     7.7772 
  -4.000  -0.00342  -0.38153   0.38154   -90.513    2.4037   **  -0.11963   0.12988   0.17658   132.649   -4.2883   **    3.2465     8.7011 
  -3.000   0.00554  -0.36245   0.36249   -89.124    1.9587   **  -0.12380   0.13729   0.18487   132.043   -3.8901   **    2.9627     9.7752 
  -2.000   0.01444  -0.34308   0.34339   -87.590    1.4885   **  -0.12778   0.14470   0.19304   131.447   -3.5144   **    2.6811    11.0480 
  -1.000   0.02325  -0.32348   0.32431   -85.889    0.9920   **  -0.13155   0.15208   0.20108   130.859   -3.1597   **    2.4047    12.5956 
   0.000   0.03195  -0.30367   0.30534   -83.995    0.4686   **  -0.13512   0.15944   0.20899   130.280   -2.8245   **    2.1373    14.5480 
   1.000   0.04050  -0.28371   0.28658   -81.876   -0.0822   **  -0.13849   0.16675   0.21676   129.711   -2.5077   **    1.8825    17.1572 
   2.000   0.04889  -0.26363   0.26813   -79.494   -0.6604   **  -0.14165   0.17399   0.22436   129.150   -2.2082   **    1.6446    21.0256 
   3.000   0.05708  -0.24349   0.25009   -76.806   -1.2651   **  -0.14461   0.18116   0.23180   128.598   -1.9251   **    1.4277    28.4113 
   4.000   0.06506  -0.22333   0.23262   -73.758   -1.8945   **  -0.14735   0.18823   0.23905   128.055   -1.6575   **    1.2360    37.3022 
   5.000   0.07280  -0.20319   0.21584   -70.289   -2.5446   **  -0.14989   0.19520   0.24611   127.520   -1.4046   **    1.0730    23.6714 
   6.000   0.08027  -0.18312   0.19994   -66.331   -3.2093   **  -0.15222   0.20205   0.25297   126.993   -1.1659   **    0.9418    18.6301 
   7.000   0.08745  -0.16316   0.18512   -61.811   -3.8784   **  -0.15433   0.20876   0.25961   126.475   -0.9408   **    0.8445    15.5193 
   8.000   0.09432  -0.14335   0.17160   -56.658   -4.5371   **  -0.15624   0.21532   0.26603   125.965   -0.7286   **    0.7822    13.3193 
   9.000   0.10085  -0.12374   0.15963   -50.818   -5.1648   **  -0.15793   0.22172   0.27222   125.463   -0.5289   **    0.7547    11.6770 
  10.000   0.10704  -0.10436   0.14949   -44.274   -5.7347   **  -0.15942   0.22794   0.27816   124.969   -0.3413   **    0.7607    10.4326 
  11.000   0.11285  -0.08526   0.14144   -37.071   -6.2157   **  -0.16070   0.23398   0.28385   124.482   -0.1654   **    0.7978     9.5029 
  12.000   0.11828  -0.06648   0.13568   -29.336   -6.5766   **  -0.16178   0.23982   0.28928   124.003   -0.0007   **    0.8628     8.8393 
  13.000   0.12331  -0.04804   0.13234   -21.287   -6.7934   **  -0.16265   0.24545   0.29445   123.531    0.1530   **    0.9520     8.4081 
  14.000   0.12792  -0.03000   0.13139   -13.199   -6.8559   **  -0.16332   0.25086   0.29934   123.067    0.2960   **    1.0612     8.1807 
  15.000   0.13210  -0.01238   0.13268    -5.354   -6.7711   **  -0.16380   0.25603   0.30394   122.609    0.4286   **    1.1861     8.1289 
  16.000   0.13584   0.00478   0.13593     2.017   -6.5611   **  -0.16408   0.26097   0.30826   122.159    0.5511   **    1.3227     8.2239 
  17.000   0.13913   0.02146   0.14078     8.769   -6.2565   **  -0.16416   0.26565   0.31228   121.715    0.6637   **    1.4671     8.4377 
  18.000   0.14197   0.03762   0.14687    14.844   -5.8888   **  -0.16406   0.27008   0.31600   121.277    0.7666   **    1.6159     8.7444 
  19.000   0.14433   0.05324   0.15384    20.248   -5.4858   **  -0.16377   0.27424   0.31942   120.845    0.8600   **    1.7659     9.1220 
  20.000   0.14623   0.06829   0.16139    25.034   -5.0695   **  -0.16331   0.27813   0.32253   120.420    0.9440   **    1.9146     9.5519 
  21.000   0.14766   0.08275   0.16927    29.268   -4.6557   **  -0.16266   0.28173   0.32532   120.000    1.0190   **    2.0595    10.0196 
  22.000   0.14862   0.09660   0.17725    33.024   -4.2554   **  -0.16184   0.28506   0.32780   119.586    1.0849   **    2.1988    10.5134 
  23.000   0.14910   0.10982   0.18518    36.373   -3.8755   **  -0.16086   0.28809   0.32996   119.177    1.1419   **    2.3311    11.0242 
  24.000   0.14911   0.12239   0.19291    39.378   -3.5204   **  -0.15971   0.29083   0.33180   118.774    1.1903   **    2.4549    11.5447 
  25.000   0.14866   0.13429   0.20033    42.094   -3.1922   **  -0.15841   0.29327   0.33332   118.375    1.2299   **    2.5693    12.0690 
  26.000   0.14774   0.14552   0.20737    44.567   -2.8921   **  -0.15695   0.29541   0.33452   117.981    1.2611   **    2.6734    12.5924 
  27.000   0.14637   0.15607   0.21397    46.837   -2.6204   **  -0.15534   0.29725   0.33539   117.590    1.2839   **    2.7667    13.1108 
  28.000   0.14455   0.16592   0.22006    48.937   -2.3766   **  -0.15358   0.29879   0.33595   117.204    1.2983   **    2.8488    13.6204 
  29.000   0.14230   0.17507   0.22561    50.897   -2.1602   **  -0.15169   0.30002   0.33619   116.822    1.3044   **    2.9191    14.1180 
  30.000   0.13961   0.18352   0.23059    52.738   -1.9704   **  -0.14967   0.30094   0.33611   116.443    1.3024   **    2.9775    14.6006 
  31.000   0.13652   0.19127   0.23499    54.483   -1.8063   **  -0.14752   0.30157   0.33571   116.067    1.2922   **    3.0239    15.0654 
  32.000   0.13302   0.19831   0.23879    56.147   -1.6670   **  -0.14524   0.30189   0.33501   115.693    1.2739   **    3.0581    15.5096 
  33.000   0.12914   0.20464   0.24198    57.746   -1.5517   **  -0.14285   0.30191   0.33400   115.322    1.2476   **    3.0800    15.9306 
  34.000   0.12488   0.21028   0.24456    59.294   -1.4594   **  -0.14035   0.30163   0.33268   114.953    1.2133   **    3.0897    16.3259 
  35.000   0.12027   0.21522   0.24654    60.801   -1.3893   **  -0.13774   0.30105   0.33107   114.585    1.1711   **    3.0872    16.6931 
  36.000   0.11533   0.21947   0.24793    62.278   -1.3408   **  -0.13503   0.30019   0.32916   114.218    1.1209   **    3.0725    17.0301 
  37.000   0.11007   0.22304   0.24872    63.735   -1.3129   **  -0.13222   0.29904   0.32697   113.852    1.0628   **    3.0457    17.3349 
  38.000   0.10450   0.22595   0.24895    65.179   -1.3051   **  -0.12932   0.29761   0.32449   113.486    0.9968   **    3.0069    17.6059 
  39.000   0.09866   0.22820   0.24862    66.620   -1.3166   **  -0.12633   0.29590   0.32174   113.119    0.9229   **    2.9562    17.8418 
  40.000   0.09256   0.22981   0.24775    68.063   -1.3470   **  -0.12326   0.29393   0.31872   112.751    0.8411   **    2.8937    18.0415 
  41.000   0.08621   0.23079   0.24637    69.516   -1.3956   **  -0.12011   0.29169   0.31545   112.381    0.7513   **    2.8195    18.2048 
  42.000   0.07965   0.23116   0.24449    70.987   -1.4618   **  -0.11689   0.28919   0.31192   112.009    0.6536   **    2.7337    18.3316 
  43.000   0.07290   0.23092   0.24216    72.481   -1.5453   **  -0.11360   0.28644   0.30815   111.634    0.5480   **    2.6366    18.4223 
  44.000   0.06596   0.23011   0.23938    74.005   -1.6454   **  -0.11025   0.28346   0.30414   111.254    0.4343   **    2.5281    18.4781 
  45.000   0.05887   0.22874   0.23620    75.567   -1.7617   **  -0.10684   0.28024   0.29991   110.870    0.3126   **    2.4085    18.5004 
  46.000   0.05165   0.22683   0.23264    77.172   -1.8937   **  -0.10338   0.27679   0.29547   110.480    0.1829   **    2.2779    18.4912 
  47.000   0.04432   0.22440   0.22873    78.828   -2.0408   **  -0.09986   0.27313   0.29081   110.083    0.0450   **    2.1364    18.4531 
  48.000   0.03689   0.22146   0.22451    80.541   -2.2025   **  -0.09629   0.26926   0.28596   109.677   -0.1011   **    1.9844    18.3888 
  49.000   0.02940   0.21804   0.22001    82.320   -2.3782   **  -0.09268   0.26520   0.28093   109.263   -0.2554   **    1.8219    18.3017 
  50.000   0.02186   0.21416   0.21528    84.172   -2.5674   **  -0.08903   0.26094   0.27571   108.838   -0.4181   **    1.6492    18.1952 
  51.000   0.01429   0.20985   0.21033    86.104   -2.7691   **  -0.08534   0.25651   0.27034   108.401   -0.5892   **    1.4665    18.0733 
  52.000   0.00672   0.20511   0.20522    88.125   -2.9828   **  -0.08161   0.25191   0.26480   107.950   -0.7688   **    1.2741    17.9401 
  53.000  -0.00085   0.19998   0.19998    90.243   -3.2073   **  -0.07785   0.24716   0.25913   107.483   -0.9569   **    1.0723    17.8001 
  54.000  -0.00838   0.19448   0.19466    92.468   -3.4417   **  -0.07406   0.24225   0.25332   106.999   -1.1538   **    0.8615    17.6582 
  55.000  -0.01587   0.18862   0.18929    94.808   -3.6847   **  -0.07024   0.23721   0.24739   106.495   -1.3595   **    0.6420    17.5194 
  56.000  -0.02328   0.18244   0.18392    97.273   -3.9348   **  -0.06640   0.23204   0.24135   105.968   -1.5741   **    0.4143    17.3894 
  57.000  -0.03061   0.17594   0.17859    99.870   -4.1903   **  -0.06253   0.22676   0.23522   105.416   -1.7977   **    0.1790    17.2742 
  58.000  -0.03784   0.16916   0.17334   102.610   -4.4493   **  -0.05864   0.22137   0.22900   104.837   -2.0305   **   -0.0633    17.1807 
  59.000  -0.04495   0.16211   0.16822   105.499   -4.7095   **  -0.05473   0.21588   0.22271   104.225   -2.2725   **   -0.3119    17.1165 
  60.000  -0.05193   0.15481   0.16329   108.545   -4.9683   **  -0.05079   0.21031   0.21636   103.578   -2.5238   **   -0.5660    17.0904 
  61.000  -0.05876   0.14728   0.15857   111.751   -5.2227   **  -0.04684   0.20467   0.20996   102.892   -2.7846   **   -0.8245    17.1124 
  62.000  -0.06543   0.13955   0.15413   115.121   -5.4698   **  -0.04288   0.19896   0.20353   102.161   -3.0549   **   -1.0863    17.1946 
  63.000  -0.07193   0.13162   0.14999   118.654   -5.7058   **  -0.03889   0.19320   0.19707   101.381   -3.3347   **   -1.3501    17.3516 
  64.000  -0.07823   0.12353   0.14622   122.346   -5.9272   **  -0.03489   0.18740   0.19062   100.546   -3.6241   **   -1.6144    17.6013 
  65.000  -0.08434   0.11528   0.14284   126.189   -6.1302   **  -0.03087   0.18156   0.18417    99.648   -3.9230   **   -1.8776    17.9667 
  66.000  -0.09024   0.10690   0.13990   130.169   -6.3111   **  -0.02683   0.17571   0.17774    98.682   -4.2314   **   -2.1377    18.4781 
  67.000  -0.09592   0.09840   0.13741   134.268   -6.4666   **  -0.02278   0.16984   0.17136    97.638   -4.5491   **   -2.3926    19.1773 
  68.000  -0.10137   0.08980   0.13542   138.464   -6.5936   **  -0.01870   0.16397   0.16503    96.508   -4.8758   **   -2.6400    20.1257 
  69.000  -0.10658   0.08110   0.13393   142.730   -6.6897   **  -0.01462   0.15811   0.15879    95.282   -5.2110   **   -2.8774    21.4204 
  70.000  -0.11155   0.07234   0.13295   147.037   -6.7534   **  -0.01051   0.15227   0.15263    93.949   -5.5543   **   -3.1023    23.2331 
  71.000  -0.11626   0.06352   0.13248   151.352   -6.7841   **  -0.00639   0.14646   0.14660    92.496   -5.9047   **   -3.3119    25.9202 
  72.000  -0.12072   0.05465   0.13251   155.646   -6.7821   **  -0.00224   0.14068   0.14070    90.913   -6.2612   **   -3.5035    30.4647 
  73.000  -0.12491   0.04574   0.13303   159.888   -6.7485   **   0.00192   0.13496   0.13497    89.183   -6.6224   **   -3.6747    42.7809 
  74.000  -0.12884   0.03682   0.13400   164.052   -6.6854   **   0.00611   0.12929   0.12943    87.294   -6.9864   **   -3.8230    35.2269 
  75.000  -0.13249   0.02788   0.13539   168.115   -6.5953   **   0.01032   0.12368   0.12411    85.231   -7.3508   **   -3.9464    27.2378 
  76.000  -0.13586   0.01895   0.13718   172.059   -6.4814   **   0.01455   0.11815   0.11905    82.979   -7.7128   **   -4.0433    23.0033 
  77.000  -0.13896   0.01003   0.13932   175.872   -6.3469   **   0.01881   0.11271   0.11427    80.525   -8.0688   **   -4.1127    20.1052 
  78.000  -0.14177   0.00113   0.14178   179.544   -6.1951   **   0.02309   0.10735   0.10981    77.860   -8.4143   **   -4.1542    17.9198 
  79.000  -0.14430  -0.00775   0.14451  -176.928   -6.0293   **   0.02740   0.10210   0.10571    74.976   -8.7445   **   -4.1678    16.1910 
  80.000  -0.14655  -0.01658   0.14748  -173.545   -5.8524   **   0.03174   0.09696   0.10202    71.871   -9.0535   **   -4.1542    14.7885 
  81.000  -0.14851  -0.02537   0.15066  -170.305   -5.6674   **   0.03611   0.09193   0.09877    68.553   -9.3351   **   -4.1148    13.6367 
  82.000  -0.15018  -0.03411   0.15400  -167.203   -5.4766   **   0.04051   0.08702   0.09599    65.035   -9.5827   **   -4.0511    12.6879 
  83.000  -0.15157  -0.04279   0.15749  -164.234   -5.2820   **   0.04495   0.08225   0.09373    61.345   -9.7899   **   -3.9653    11.9094 
  84.000  -0.15267  -0.05141   0.16109  -161.390   -5.0856   **   0.04941   0.07761   0.09201    57.517   -9.9508   **   -3.8596    11.2779 
  85.000  -0.15349  -0.05996   0.16479  -158.664   -4.8889   **   0.05391   0.07312   0.09085    53.600  -10.0609   **   -3.7363    10.7751 
  86.000  -0.15403  -0.06843   0.16855  -156.047   -4.6929   **   0.05845   0.06879   0.09026    49.646  -10.1170   **   -3.5978    10.3864 
  87.000  -0.15429  -0.07682   0.17236  -153.532   -4.4988   **   0.06302   0.06461   0.09025    45.715  -10.1182   **   -3.4464    10.0988 
  88.000  -0.15427  -0.08513   0.17620  -151.110   -4.3072   **   0.06762   0.06060   0.09080    41.863  -10.0656   **   -3.2843     9.9010 
  89.000  -0.15398  -0.09334   0.18006  -148.775   -4.1187   **   0.07226   0.05675   0.09189    38.145   -9.9622   **   -3.1136     9.7826 
  90.000  -0.15342  -0.10147   0.18394  -146.519   -3.9338   **   0.07694   0.05309   0.09348    34.605   -9.8128   **   -2.9360     9.7338 




