 [antenna_conf.dat]

      NSEG      NWIR      NFED     NLOAD           FREQ0          RAMDA0            USEF
       210         7         1         0      1000000000      0.29979246      1000000000

Segment
   NO.           SX           SY           SZ             RX             RY             RZ           SEGL             RA     RAD_MODE
     0   -0.4127070    0.9108638    0.0000000       0.291727       0.120837       0.062500       0.020663       0.005000            1
     1   -0.4713967    0.8819213    0.0000000       0.283200       0.139659       0.062500       0.020663       0.005000            1
     2   -0.5280679    0.8492022    0.0000000       0.273459       0.157882       0.062500       0.020663       0.005000            1
     3   -0.5824777    0.8128467    0.0000000       0.262548       0.175429       0.062500       0.020663       0.005000            1
     4   -0.6343933    0.7730105    0.0000000       0.250512       0.192225       0.062500       0.020663       0.005000            1
     5   -0.6835923    0.7298641    0.0000000       0.237403       0.208197       0.062500       0.020663       0.005000            1
     6   -0.7298641    0.6835923    0.0000000       0.223278       0.223278       0.062500       0.020663       0.005000            1
     7   -0.7730105    0.6343933    0.0000000       0.208197       0.237403       0.062500       0.020663       0.005000            1
     8   -0.8128467    0.5824777    0.0000000       0.192225       0.250512       0.062500       0.020663       0.005000            1
     9   -0.8492022    0.5280679    0.0000000       0.175429       0.262548       0.062500       0.020663       0.005000            1
    10   -0.8819213    0.4713967    0.0000000       0.157882       0.273459       0.062500       0.020663       0.005000            1
    11   -0.9108638    0.4127070    0.0000000       0.139659       0.283200       0.062500       0.020663       0.005000            1
    12   -0.9359059    0.3522500    0.0000000       0.120837       0.291727       0.062500       0.020663       0.005000            1
    13   -0.9569403    0.2902847    0.0000000       0.101499       0.299006       0.062500       0.020663       0.005000            1
    14   -0.9738770    0.2270763    0.0000000       0.081726       0.305004       0.062500       0.020663       0.005000            1
    15   -0.9866433    0.1628955    0.0000000       0.061602       0.309696       0.062500       0.020663       0.005000            1
    16   -0.9951847    0.0980171    0.0000000       0.041215       0.313062       0.062500       0.020663       0.005000            1
    17   -0.9994646    0.0327191    0.0000000       0.020652       0.315087       0.062500       0.020663       0.005000            1
    18   -0.9994646   -0.0327191    0.0000000       0.000000       0.315763       0.062500       0.020663       0.005000            1
    19   -0.9951847   -0.0980171    0.0000000      -0.020652       0.315087       0.062500       0.020663       0.005000            1
    20   -0.9866433   -0.1628955    0.0000000      -0.041215       0.313062       0.062500       0.020663       0.005000            1
    21   -0.9738770   -0.2270763    0.0000000      -0.061602       0.309696       0.062500       0.020663       0.005000            1
    22   -0.9569403   -0.2902847    0.0000000      -0.081726       0.305004       0.062500       0.020663       0.005000            1
    23   -0.9359059   -0.3522500    0.0000000      -0.101499       0.299006       0.062500       0.020663       0.005000            1
    24   -0.9108638   -0.4127070    0.0000000      -0.120837       0.291727       0.062500       0.020663       0.005000            1
    25   -0.8819213   -0.4713967    0.0000000      -0.139659       0.283200       0.062500       0.020663       0.005000            1
    26   -0.8492022   -0.5280679    0.0000000      -0.157882       0.273459       0.062500       0.020663       0.005000            1
    27   -0.8128467   -0.5824777    0.0000000      -0.175429       0.262548       0.062500       0.020663       0.005000            1
    28   -0.7730105   -0.6343933    0.0000000      -0.192225       0.250512       0.062500       0.020663       0.005000            1
    29   -0.7298641   -0.6835923    0.0000000      -0.208197       0.237403       0.062500       0.020663       0.005000            1
    30   -0.6835923   -0.7298641    0.0000000      -0.223278       0.223278       0.062500       0.020663       0.005000            1
    31   -0.6343933   -0.7730105    0.0000000      -0.237403       0.208197       0.062500       0.020663       0.005000            1
    32   -0.5824777   -0.8128467    0.0000000      -0.250512       0.192225       0.062500       0.020663       0.005000            1
    33   -0.5280679   -0.8492022    0.0000000      -0.262548       0.175429       0.062500       0.020663       0.005000            1
    34   -0.4713967   -0.8819213    0.0000000      -0.273459       0.157882       0.062500       0.020663       0.005000            1
    35   -0.4127070   -0.9108638    0.0000000      -0.283200       0.139659       0.062500       0.020663       0.005000            1
    36   -0.3522500   -0.9359059    0.0000000      -0.291727       0.120837       0.062500       0.020663       0.005000            1
    37   -0.2902847   -0.9569403    0.0000000      -0.299006       0.101499       0.062500       0.020663       0.005000            1
    38   -0.2270763   -0.9738770    0.0000000      -0.305004       0.081726       0.062500       0.020663       0.005000            1
    39   -0.1628955   -0.9866433    0.0000000      -0.309696       0.061602       0.062500       0.020663       0.005000            1
    40   -0.0980171   -0.9951847    0.0000000      -0.313062       0.041215       0.062500       0.020663       0.005000            1
    41   -0.0327191   -0.9994646    0.0000000      -0.315087       0.020652       0.062500       0.020663       0.005000            1
    42    0.0327191   -0.9994646    0.0000000      -0.315763       0.000000       0.062500       0.020663       0.005000            1
    43    0.0980171   -0.9951847    0.0000000      -0.315087      -0.020652       0.062500       0.020663       0.005000            1
    44    0.1628955   -0.9866433    0.0000000      -0.313062      -0.041215       0.062500       0.020663       0.005000            1
    45    0.2270763   -0.9738770    0.0000000      -0.309696      -0.061602       0.062500       0.020663       0.005000            1
    46    0.2902847   -0.9569403    0.0000000      -0.305004      -0.081726       0.062500       0.020663       0.005000            1
    47    0.3522500   -0.9359059    0.0000000      -0.299006      -0.101499       0.062500       0.020663       0.005000            1
    48    0.4127070   -0.9108638    0.0000000      -0.291727      -0.120837       0.062500       0.020663       0.005000            1
    49    0.4713967   -0.8819213    0.0000000      -0.283200      -0.139659       0.062500       0.020663       0.005000            1
    50    0.5280679   -0.8492022    0.0000000      -0.273459      -0.157882       0.062500       0.020663       0.005000            1
    51    0.5824777   -0.8128467    0.0000000      -0.262548      -0.175429       0.062500       0.020663       0.005000            1
    52    0.6343933   -0.7730105    0.0000000      -0.250512      -0.192225       0.062500       0.020663       0.005000            1
    53    0.6835923   -0.7298641    0.0000000      -0.237403      -0.208197       0.062500       0.020663       0.005000            1
    54    0.7298641   -0.6835923    0.0000000      -0.223278      -0.223278       0.062500       0.020663       0.005000            1
    55    0.7730105   -0.6343933    0.0000000      -0.208197      -0.237403       0.062500       0.020663       0.005000            1
    56    0.8128467   -0.5824777    0.0000000      -0.192225      -0.250512       0.062500       0.020663       0.005000            1
    57    0.8492022   -0.5280679    0.0000000      -0.175429      -0.262548       0.062500       0.020663       0.005000            1
    58    0.8819213   -0.4713967    0.0000000      -0.157882      -0.273459       0.062500       0.020663       0.005000            1
    59    0.9108638   -0.4127070    0.0000000      -0.139659      -0.283200       0.062500       0.020663       0.005000            1
    60    0.9359059   -0.3522500    0.0000000      -0.120837      -0.291727       0.062500       0.020663       0.005000            1
    61    0.9569403   -0.2902847    0.0000000      -0.101499      -0.299006       0.062500       0.020663       0.005000            1
    62    0.9738770   -0.2270763    0.0000000      -0.081726      -0.305004       0.062500       0.020663       0.005000            1
    63    0.9866433   -0.1628955    0.0000000      -0.061602      -0.309696       0.062500       0.020663       0.005000            1
    64    0.9951847   -0.0980171    0.0000000      -0.041215      -0.313062       0.062500       0.020663       0.005000            1
    65    0.9994646   -0.0327191    0.0000000      -0.020652      -0.315087       0.062500       0.020663       0.005000            1
    66    0.9994646    0.0327191    0.0000000      -0.000000      -0.315763       0.062500       0.020663       0.005000            1
    67    0.9951847    0.0980171    0.0000000       0.020652      -0.315087       0.062500       0.020663       0.005000            1
    68    0.9866433    0.1628955    0.0000000       0.041215      -0.313062       0.062500       0.020663       0.005000            1
    69    0.9738770    0.2270763    0.0000000       0.061602      -0.309696       0.062500       0.020663       0.005000            1
    70    0.9569403    0.2902847    0.0000000       0.081726      -0.305004       0.062500       0.020663       0.005000            1
    71    0.9359059    0.3522500    0.0000000       0.101499      -0.299006       0.062500       0.020663       0.005000            1
    72    0.9108638    0.4127070    0.0000000       0.120837      -0.291727       0.062500       0.020663       0.005000            1
    73    0.8819213    0.4713967    0.0000000       0.139659      -0.283200       0.062500       0.020663       0.005000            1
    74    0.8492022    0.5280679    0.0000000       0.157882      -0.273459       0.062500       0.020663       0.005000            1
    75    0.8128467    0.5824777    0.0000000       0.175429      -0.262548       0.062500       0.020663       0.005000            1
    76    0.7730105    0.6343933    0.0000000       0.192225      -0.250512       0.062500       0.020663       0.005000            1
    77    0.7298641    0.6835923    0.0000000       0.208197      -0.237403       0.062500       0.020663       0.005000            1
    78    0.6835923    0.7298641    0.0000000       0.223278      -0.223278       0.062500       0.020663       0.005000            1
    79    0.6343933    0.7730105    0.0000000       0.237403      -0.208197       0.062500       0.020663       0.005000            1
    80    0.5824777    0.8128467    0.0000000       0.250512      -0.192225       0.062500       0.020663       0.005000            1
    81    0.5280679    0.8492022    0.0000000       0.262548      -0.175429       0.062500       0.020663       0.005000            1
    82    0.4713967    0.8819213    0.0000000       0.273459      -0.157882       0.062500       0.020663       0.005000            1
    83    0.4127070    0.9108638    0.0000000       0.283200      -0.139659       0.062500       0.020663       0.005000            1
    84    0.3522500    0.9359059    0.0000000       0.291727      -0.120837       0.062500       0.020663       0.005000            1
    85    0.3522500    0.9359059    0.0000000       0.291727      -0.120837       0.062500       0.020663       0.005000            1
    86    0.2902847    0.9569403    0.0000000       0.299006      -0.101499       0.062500       0.020663       0.005000            1
    87    0.2270763    0.9738770    0.0000000       0.305004      -0.081726       0.062500       0.020663       0.005000            1
    88    0.1628955    0.9866433    0.0000000       0.309696      -0.061602       0.062500       0.020663       0.005000            1
    89    0.0980171    0.9951847    0.0000000       0.313062      -0.041215       0.062500       0.020663       0.005000            1
    90    0.0327191    0.9994646    0.0000000       0.315087      -0.020652       0.062500       0.020663       0.005000            1
    91   -0.0327191    0.9994646    0.0000000       0.315763       0.000000       0.062500       0.020663       0.005000            1
    92   -0.0980171    0.9951847    0.0000000       0.315087       0.020652       0.062500       0.020663       0.005000            1
    93   -0.1628955    0.9866433    0.0000000       0.313062       0.041215       0.062500       0.020663       0.005000            1
    94   -0.2270763    0.9738770    0.0000000       0.309696       0.061602       0.062500       0.020663       0.005000            1
    95   -0.2902847    0.9569403    0.0000000       0.305004       0.081726       0.062500       0.020663       0.005000            1
    96   -0.3522500    0.9359059    0.0000000       0.299006       0.101499       0.062500       0.020663       0.005000            1
    97   -0.4127070    0.9108638    0.0000000       0.291727       0.120837       0.062500       0.020663       0.005000            1
    98    0.4127070   -0.9108638    0.0000000       0.283200       0.139659       0.062500       0.020663       0.005000            1
    99   -0.9238795   -0.3826834    0.0000000       0.291727       0.120837       0.062500       0.028500       0.005000            1
   100   -0.9238795   -0.3826834    0.0000000       0.265397       0.109931       0.062500       0.028500       0.005000            1
   101   -0.4127070    0.9108638   -0.0000000       0.291727       0.120837      -0.062500       0.020663       0.005000            1
   102   -0.4713967    0.8819213   -0.0000000       0.283200       0.139659      -0.062500       0.020663       0.005000            1
   103   -0.5280679    0.8492022   -0.0000000       0.273459       0.157882      -0.062500       0.020663       0.005000            1
   104   -0.5824777    0.8128467   -0.0000000       0.262548       0.175429      -0.062500       0.020663       0.005000            1
   105   -0.6343933    0.7730105   -0.0000000       0.250512       0.192225      -0.062500       0.020663       0.005000            1
   106   -0.6835923    0.7298641   -0.0000000       0.237403       0.208197      -0.062500       0.020663       0.005000            1
   107   -0.7298641    0.6835923   -0.0000000       0.223278       0.223278      -0.062500       0.020663       0.005000            1
   108   -0.7730105    0.6343933   -0.0000000       0.208197       0.237403      -0.062500       0.020663       0.005000            1
   109   -0.8128467    0.5824777   -0.0000000       0.192225       0.250512      -0.062500       0.020663       0.005000            1
   110   -0.8492022    0.5280679   -0.0000000       0.175429       0.262548      -0.062500       0.020663       0.005000            1
   111   -0.8819213    0.4713967   -0.0000000       0.157882       0.273459      -0.062500       0.020663       0.005000            1
   112   -0.9108638    0.4127070   -0.0000000       0.139659       0.283200      -0.062500       0.020663       0.005000            1
   113   -0.9359059    0.3522500   -0.0000000       0.120837       0.291727      -0.062500       0.020663       0.005000            1
   114   -0.9569403    0.2902847   -0.0000000       0.101499       0.299006      -0.062500       0.020663       0.005000            1
   115   -0.9738770    0.2270763   -0.0000000       0.081726       0.305004      -0.062500       0.020663       0.005000            1
   116   -0.9866433    0.1628955   -0.0000000       0.061602       0.309696      -0.062500       0.020663       0.005000            1
   117   -0.9951847    0.0980171   -0.0000000       0.041215       0.313062      -0.062500       0.020663       0.005000            1
   118   -0.9994646    0.0327191   -0.0000000       0.020652       0.315087      -0.062500       0.020663       0.005000            1
   119   -0.9994646   -0.0327191   -0.0000000       0.000000       0.315763      -0.062500       0.020663       0.005000            1
   120   -0.9951847   -0.0980171   -0.0000000      -0.020652       0.315087      -0.062500       0.020663       0.005000            1
   121   -0.9866433   -0.1628955   -0.0000000      -0.041215       0.313062      -0.062500       0.020663       0.005000            1
   122   -0.9738770   -0.2270763   -0.0000000      -0.061602       0.309696      -0.062500       0.020663       0.005000            1
   123   -0.9569403   -0.2902847   -0.0000000      -0.081726       0.305004      -0.062500       0.020663       0.005000            1
   124   -0.9359059   -0.3522500   -0.0000000      -0.101499       0.299006      -0.062500       0.020663       0.005000            1
   125   -0.9108638   -0.4127070   -0.0000000      -0.120837       0.291727      -0.062500       0.020663       0.005000            1
   126   -0.8819213   -0.4713967   -0.0000000      -0.139659       0.283200      -0.062500       0.020663       0.005000            1
   127   -0.8492022   -0.5280679   -0.0000000      -0.157882       0.273459      -0.062500       0.020663       0.005000            1
   128   -0.8128467   -0.5824777   -0.0000000      -0.175429       0.262548      -0.062500       0.020663       0.005000            1
   129   -0.7730105   -0.6343933   -0.0000000      -0.192225       0.250512      -0.062500       0.020663       0.005000            1
   130   -0.7298641   -0.6835923   -0.0000000      -0.208197       0.237403      -0.062500       0.020663       0.005000            1
   131   -0.6835923   -0.7298641   -0.0000000      -0.223278       0.223278      -0.062500       0.020663       0.005000            1
   132   -0.6343933   -0.7730105   -0.0000000      -0.237403       0.208197      -0.062500       0.020663       0.005000            1
   133   -0.5824777   -0.8128467   -0.0000000      -0.250512       0.192225      -0.062500       0.020663       0.005000            1
   134   -0.5280679   -0.8492022   -0.0000000      -0.262548       0.175429      -0.062500       0.020663       0.005000            1
   135   -0.4713967   -0.8819213   -0.0000000      -0.273459       0.157882      -0.062500       0.020663       0.005000            1
   136   -0.4127070   -0.9108638   -0.0000000      -0.283200       0.139659      -0.062500       0.020663       0.005000            1
   137   -0.3522500   -0.9359059   -0.0000000      -0.291727       0.120837      -0.062500       0.020663       0.005000            1
   138   -0.2902847   -0.9569403   -0.0000000      -0.299006       0.101499      -0.062500       0.020663       0.005000            1
   139   -0.2270763   -0.9738770   -0.0000000      -0.305004       0.081726      -0.062500       0.020663       0.005000            1
   140   -0.1628955   -0.9866433   -0.0000000      -0.309696       0.061602      -0.062500       0.020663       0.005000            1
   141   -0.0980171   -0.9951847   -0.0000000      -0.313062       0.041215      -0.062500       0.020663       0.005000            1
   142   -0.0327191   -0.9994646   -0.0000000      -0.315087       0.020652      -0.062500       0.020663       0.005000            1
   143    0.0327191   -0.9994646   -0.0000000      -0.315763       0.000000      -0.062500       0.020663       0.005000            1
   144    0.0980171   -0.9951847   -0.0000000      -0.315087      -0.020652      -0.062500       0.020663       0.005000            1
   145    0.1628955   -0.9866433   -0.0000000      -0.313062      -0.041215      -0.062500       0.020663       0.005000            1
   146    0.2270763   -0.9738770   -0.0000000      -0.309696      -0.061602      -0.062500       0.020663       0.005000            1
   147    0.2902847   -0.9569403   -0.0000000      -0.305004      -0.081726      -0.062500       0.020663       0.005000            1
   148    0.3522500   -0.9359059   -0.0000000      -0.299006      -0.101499      -0.062500       0.020663       0.005000            1
   149    0.4127070   -0.9108638   -0.0000000      -0.291727      -0.120837      -0.062500       0.020663       0.005000            1
   150    0.4713967   -0.8819213   -0.0000000      -0.283200      -0.139659      -0.062500       0.020663       0.005000            1
   151    0.5280679   -0.8492022   -0.0000000      -0.273459      -0.157882      -0.062500       0.020663       0.005000            1
   152    0.5824777   -0.8128467   -0.0000000      -0.262548      -0.175429      -0.062500       0.020663       0.005000            1
   153    0.6343933   -0.7730105   -0.0000000      -0.250512      -0.192225      -0.062500       0.020663       0.005000            1
   154    0.6835923   -0.7298641   -0.0000000      -0.237403      -0.208197      -0.062500       0.020663       0.005000            1
   155    0.7298641   -0.6835923   -0.0000000      -0.223278      -0.223278      -0.062500       0.020663       0.005000            1
   156    0.7730105   -0.6343933   -0.0000000      -0.208197      -0.237403      -0.062500       0.020663       0.005000            1
   157    0.8128467   -0.5824777   -0.0000000      -0.192225      -0.250512      -0.062500       0.020663       0.005000            1
   158    0.8492022   -0.5280679   -0.0000000      -0.175429      -0.262548      -0.062500       0.020663       0.005000            1
   159    0.8819213   -0.4713967   -0.0000000      -0.157882      -0.273459      -0.062500       0.020663       0.005000            1
   160    0.9108638   -0.4127070   -0.0000000      -0.139659      -0.283200      -0.062500       0.020663       0.005000            1
   161    0.9359059   -0.3522500   -0.0000000      -0.120837      -0.291727      -0.062500       0.020663       0.005000            1
   162    0.9569403   -0.2902847   -0.0000000      -0.101499      -0.299006      -0.062500       0.020663       0.005000            1
   163    0.9738770   -0.2270763   -0.0000000      -0.081726      -0.305004      -0.062500       0.020663       0.005000            1
   164    0.9866433   -0.1628955   -0.0000000      -0.061602      -0.309696      -0.062500       0.020663       0.005000            1
   165    0.9951847   -0.0980171   -0.0000000      -0.041215      -0.313062      -0.062500       0.020663       0.005000            1
   166    0.9994646   -0.0327191   -0.0000000      -0.020652      -0.315087      -0.062500       0.020663       0.005000            1
   167    0.9994646    0.0327191   -0.0000000      -0.000000      -0.315763      -0.062500       0.020663       0.005000            1
   168    0.9951847    0.0980171   -0.0000000       0.020652      -0.315087      -0.062500       0.020663       0.005000            1
   169    0.9866433    0.1628955   -0.0000000       0.041215      -0.313062      -0.062500       0.020663       0.005000            1
   170    0.9738770    0.2270763   -0.0000000       0.061602      -0.309696      -0.062500       0.020663       0.005000            1
   171    0.9569403    0.2902847   -0.0000000       0.081726      -0.305004      -0.062500       0.020663       0.005000            1
   172    0.9359059    0.3522500   -0.0000000       0.101499      -0.299006      -0.062500       0.020663       0.005000            1
   173    0.9108638    0.4127070   -0.0000000       0.120837      -0.291727      -0.062500       0.020663       0.005000            1
   174    0.8819213    0.4713967   -0.0000000       0.139659      -0.283200      -0.062500       0.020663       0.005000            1
   175    0.8492022    0.5280679   -0.0000000       0.157882      -0.273459      -0.062500       0.020663       0.005000            1
   176    0.8128467    0.5824777   -0.0000000       0.175429      -0.262548      -0.062500       0.020663       0.005000            1
   177    0.7730105    0.6343933   -0.0000000       0.192225      -0.250512      -0.062500       0.020663       0.005000            1
   178    0.7298641    0.6835923   -0.0000000       0.208197      -0.237403      -0.062500       0.020663       0.005000            1
   179    0.6835923    0.7298641   -0.0000000       0.223278      -0.223278      -0.062500       0.020663       0.005000            1
   180    0.6343933    0.7730105   -0.0000000       0.237403      -0.208197      -0.062500       0.020663       0.005000            1
   181    0.5824777    0.8128467   -0.0000000       0.250512      -0.192225      -0.062500       0.020663       0.005000            1
   182    0.5280679    0.8492022   -0.0000000       0.262548      -0.175429      -0.062500       0.020663       0.005000            1
   183    0.4713967    0.8819213   -0.0000000       0.273459      -0.157882      -0.062500       0.020663       0.005000            1
   184    0.4127070    0.9108638   -0.0000000       0.283200      -0.139659      -0.062500       0.020663       0.005000            1
   185    0.3522500    0.9359059   -0.0000000       0.291727      -0.120837      -0.062500       0.020663       0.005000            1
   186    0.3522500    0.9359059   -0.0000000       0.291727      -0.120837      -0.062500       0.020663       0.005000            1
   187    0.2902847    0.9569403   -0.0000000       0.299006      -0.101499      -0.062500       0.020663       0.005000            1
   188    0.2270763    0.9738770   -0.0000000       0.305004      -0.081726      -0.062500       0.020663       0.005000            1
   189    0.1628955    0.9866433   -0.0000000       0.309696      -0.061602      -0.062500       0.020663       0.005000            1
   190    0.0980171    0.9951847   -0.0000000       0.313062      -0.041215      -0.062500       0.020663       0.005000            1
   191    0.0327191    0.9994646   -0.0000000       0.315087      -0.020652      -0.062500       0.020663       0.005000            1
   192   -0.0327191    0.9994646   -0.0000000       0.315763       0.000000      -0.062500       0.020663       0.005000            1
   193   -0.0980171    0.9951847   -0.0000000       0.315087       0.020652      -0.062500       0.020663       0.005000            1
   194   -0.1628955    0.9866433   -0.0000000       0.313062       0.041215      -0.062500       0.020663       0.005000            1
   195   -0.2270763    0.9738770   -0.0000000       0.309696       0.061602      -0.062500       0.020663       0.005000            1
   196   -0.2902847    0.9569403   -0.0000000       0.305004       0.081726      -0.062500       0.020663       0.005000            1
   197   -0.3522500    0.9359059   -0.0000000       0.299006       0.101499      -0.062500       0.020663       0.005000            1
   198   -0.4127070    0.9108638   -0.0000000       0.291727       0.120837      -0.062500       0.020663       0.005000            1
   199    0.4127070   -0.9108638   -0.0000000       0.283200       0.139659      -0.062500       0.020663       0.005000            1
   200   -0.9238795   -0.3826834   -0.0000000       0.291727       0.120837      -0.062500       0.028500       0.005000            1
   201   -0.9238795   -0.3826834   -0.0000000       0.265397       0.109931      -0.062500       0.028500       0.005000            1
   202    0.0327191   -0.9994646    0.0000000       0.315087       0.020652      -0.062500       0.020663       0.005000            1
   203    0.0000000    0.0000000    1.0000000       0.315763       0.000000      -0.062500       0.020833       0.005000            1
   204    0.0000000    0.0000000    1.0000000       0.315763       0.000000      -0.041667       0.020833       0.005000            1
   205    0.0000000    0.0000000    1.0000000       0.315763       0.000000      -0.020833       0.020833       0.005000            1
   206    0.0000000    0.0000000    1.0000000       0.315763       0.000000       0.000000       0.020833       0.005000            1
   207    0.0000000    0.0000000    1.0000000       0.315763       0.000000       0.020833       0.020833       0.005000            1
   208    0.0000000    0.0000000    1.0000000       0.315763       0.000000       0.041667       0.020833       0.005000            1
   209   -0.0327191    0.9994646    0.0000000       0.315763       0.000000       0.062500       0.020663       0.005000            1

Wire
   NO.     SEGN
     0       85
     1       13
     2        3
     3       85
     4       13
     5        3
     6        8

Feed
   NO.     FEDP      FEDV.re      FEDV.im
     0      199     -2.00000     -0.00000

Load
   NO.     LOADP      LOADZ.re      LOADZ.im



