 [antenna_field.dat]

  É” = 315.000 Åãplane
   --    >>-------   -------   --EÉ”--   -------   -------<< ** >>-------   -------   --EÉ∆--   -------   -------<< ** >>-------   --------<<
 É∆(deg)   FRAD.re   FRAD.im    |FRAD|    FPHASE  FGAI(dB)   **   TRAD.re   TRAD.im    |TRAD|    TPHASE  TGAI(dB)   ** TFGAI(dB)    TPHASE
 -90.000   0.00000   0.00000   0.00000    45.654  -60.0000   **  -0.00502   0.00254   0.00563   153.160  -30.8511   **  -30.8511  -107.5063 
 -89.000  -0.00026   0.00128   0.00131   101.591  -43.5086   **  -0.00507   0.00257   0.00569   153.126  -30.7582   **  -30.5336   -51.5349 
 -88.000  -0.00053   0.00257   0.00262   101.571  -37.4843   **  -0.00523   0.00266   0.00587   153.028  -30.4858   **  -29.6955   -51.4564 
 -87.000  -0.00079   0.00386   0.00394   101.538  -33.9563   **  -0.00549   0.00281   0.00617   152.874  -30.0507   **  -28.5682   -51.3358 
 -86.000  -0.00105   0.00515   0.00525   101.492  -31.4492   **  -0.00586   0.00303   0.00659   152.677  -29.4777   **  -27.3422   -51.1852 
 -85.000  -0.00130   0.00644   0.00657   101.433  -29.5005   **  -0.00632   0.00330   0.00713   152.451  -28.7950   **  -26.1231   -51.0172 
 -84.000  -0.00156   0.00774   0.00790   101.362  -27.9045   **  -0.00689   0.00363   0.00779   152.204  -28.0311   **  -24.9570   -50.8425 
 -83.000  -0.00181   0.00905   0.00923   101.278  -26.5515   **  -0.00755   0.00402   0.00856   151.947  -27.2119   **  -23.8589   -50.6690 
 -82.000  -0.00205   0.01037   0.01057   101.182  -25.3763   **  -0.00831   0.00448   0.00944   151.683  -26.3595   **  -22.8299   -50.5015 
 -81.000  -0.00229   0.01169   0.01191   101.074  -24.3369   **  -0.00916   0.00499   0.01043   151.416  -25.4917   **  -21.8657   -50.3424 
 -80.000  -0.00252   0.01302   0.01326   100.954  -23.4048   **  -0.01010   0.00556   0.01153   151.146  -24.6222   **  -20.9607   -50.1923 
 -79.000  -0.00274   0.01436   0.01462   100.823  -22.5597   **  -0.01112   0.00620   0.01273   150.874  -23.7615   **  -20.1089   -50.0502 
 -78.000  -0.00296   0.01570   0.01598   100.682  -21.7870   **  -0.01222   0.00689   0.01403   150.597  -22.9169   **  -19.3050   -49.9148 
 -77.000  -0.00317   0.01705   0.01734   100.529  -21.0756   **  -0.01340   0.00764   0.01542   150.313  -22.0936   **  -18.5446   -49.7840 
 -76.000  -0.00337   0.01840   0.01871   100.367  -20.4170   **  -0.01465   0.00845   0.01691   150.022  -21.2953   **  -17.8237   -49.6554 
 -75.000  -0.00355   0.01976   0.02007   100.194  -19.8047   **  -0.01596   0.00932   0.01848   149.721  -20.5242   **  -17.1393   -49.5270 
 -74.000  -0.00373   0.02111   0.02144   100.012  -19.2335   **  -0.01732   0.01024   0.02013   149.408  -19.7815   **  -16.4886   -49.3962 
 -73.000  -0.00389   0.02246   0.02280    99.819  -18.6994   **  -0.01874   0.01123   0.02185   149.080  -19.0679   **  -15.8694   -49.2609 
 -72.000  -0.00403   0.02381   0.02415    99.618  -18.1991   **  -0.02021   0.01227   0.02364   148.737  -18.3836   **  -15.2801   -49.1189 
 -71.000  -0.00417   0.02514   0.02549    99.406  -17.7301   **  -0.02171   0.01337   0.02549   148.375  -17.7284   **  -14.7189   -48.9680 
 -70.000  -0.00428   0.02647   0.02681    99.186  -17.2903   **  -0.02323   0.01452   0.02740   147.992  -17.1020   **  -14.1848   -48.8062 
 -69.000  -0.00438   0.02777   0.02811    98.955  -16.8781   **  -0.02478   0.01573   0.02935   147.587  -16.5037   **  -13.6766   -48.6313 
 -68.000  -0.00445   0.02905   0.02939    98.715  -16.4924   **  -0.02634   0.01700   0.03135   147.156  -15.9331   **  -13.1935   -48.4414 
 -67.000  -0.00451   0.03030   0.03064    98.464  -16.1322   **  -0.02789   0.01832   0.03337   146.699  -15.3894   **  -12.7347   -48.2345 
 -66.000  -0.00454   0.03152   0.03184    98.203  -15.7969   **  -0.02944   0.01970   0.03542   146.212  -14.8720   **  -12.2996   -48.0086 
 -65.000  -0.00455   0.03269   0.03300    97.931  -15.4861   **  -0.03096   0.02113   0.03748   145.692  -14.3802   **  -11.8877   -47.7618 
 -64.000  -0.00454   0.03380   0.03411    97.646  -15.1995   **  -0.03245   0.02261   0.03955   145.138  -13.9133   **  -11.4987   -47.4920 
 -63.000  -0.00450   0.03486   0.03515    97.348  -14.9373   **  -0.03390   0.02414   0.04162   144.546  -13.4707   **  -11.1321   -47.1974 
 -62.000  -0.00443   0.03586   0.03613    97.036  -14.6996   **  -0.03530   0.02573   0.04368   143.912  -13.0518   **  -10.7877   -46.8758 
 -61.000  -0.00433   0.03677   0.03702    96.709  -14.4867   **  -0.03662   0.02736   0.04571   143.234  -12.6560   **  -10.4653   -46.5254 
 -60.000  -0.00419   0.03760   0.03783    96.364  -14.2994   **  -0.03786   0.02904   0.04772   142.508  -12.2827   **  -10.1647   -46.1442 
 -59.000  -0.00403   0.03833   0.03854    95.999  -14.1384   **  -0.03901   0.03078   0.04969   141.729  -11.9313   **   -9.8859   -45.7302 
 -58.000  -0.00383   0.03895   0.03914    95.612  -14.0047   **  -0.04005   0.03256   0.05161   140.893  -11.6015   **   -9.6286   -45.2816 
 -57.000  -0.00359   0.03945   0.03961    95.199  -13.8994   **  -0.04097   0.03438   0.05348   139.996  -11.2925   **   -9.3929   -44.7968 
 -56.000  -0.00331   0.03982   0.03996    94.757  -13.8242   **  -0.04175   0.03625   0.05529   139.031  -11.0039   **   -9.1787   -44.2743 
 -55.000  -0.00300   0.04005   0.04016    94.280  -13.7807   **  -0.04237   0.03816   0.05703   137.993  -10.7352   **   -8.9860   -43.7130 
 -54.000  -0.00264   0.04012   0.04020    93.764  -13.7711   **  -0.04283   0.04012   0.05869   136.876  -10.4858   **   -8.8146   -43.1125 
 -53.000  -0.00224   0.04002   0.04008    93.200  -13.7979   **  -0.04311   0.04211   0.06027   135.673  -10.2550   **   -8.6644   -42.4731 
 -52.000  -0.00179   0.03974   0.03978    92.579  -13.8642   **  -0.04319   0.04415   0.06176   134.376  -10.0421   **   -8.5353   -41.7965 
 -51.000  -0.00130   0.03926   0.03928    91.891  -13.9736   **  -0.04306   0.04622   0.06317   132.977   -9.8465   **   -8.4269   -41.0861 
 -50.000  -0.00075   0.03857   0.03858    91.119  -14.1303   **  -0.04270   0.04832   0.06449   131.467   -9.6671   **   -8.3386   -40.3481 
 -49.000  -0.00016   0.03766   0.03766    90.244  -14.3398   **  -0.04210   0.05046   0.06572   129.837   -9.5029   **   -8.2699   -39.5929 
 -48.000   0.00048   0.03651   0.03651    89.241  -14.6086   **  -0.04124   0.05263   0.06686   128.077   -9.3527   **   -8.2195   -38.8365 
 -47.000   0.00118   0.03510   0.03512    88.073  -14.9444   **  -0.04010   0.05484   0.06793   126.177   -9.2149   **   -8.1860   -38.1040 
 -46.000   0.00193   0.03344   0.03349    86.692  -15.3574   **  -0.03867   0.05707   0.06894   124.127   -9.0877   **   -8.1673   -37.4342 
 -45.000   0.00274   0.03149   0.03161    85.028  -15.8599   **  -0.03695   0.05932   0.06988   121.915   -8.9690   **   -8.1606   -36.8867 
 -44.000   0.00360   0.02925   0.02947    82.979  -16.4677   **  -0.03490   0.06160   0.07080   119.533   -8.8564   **   -8.1622   -36.5545 
 -43.000   0.00452   0.02671   0.02709    80.386  -17.2006   **  -0.03252   0.06390   0.07170   116.972   -8.7468   **   -8.1673   -36.5857 
 -42.000   0.00550   0.02385   0.02447    77.004  -18.0830   **  -0.02979   0.06621   0.07261   114.225   -8.6370   **   -8.1696   -37.2213 
 -41.000   0.00654   0.02065   0.02166    72.422  -19.1422   **  -0.02671   0.06855   0.07357   111.288   -8.5230   **   -8.1618   -38.8663 
 -40.000   0.00764   0.01711   0.01874    65.941  -20.4002   **  -0.02326   0.07089   0.07461   108.161   -8.4006   **   -8.1349   -42.2205 
 -39.000   0.00880   0.01322   0.01588    56.356  -21.8382   **  -0.01942   0.07325   0.07578   104.849   -8.2654   **   -8.0787   -48.4933 
 -38.000   0.01002   0.00897   0.01344    41.823  -23.2858   **  -0.01519   0.07562   0.07713   101.361   -8.1125   **   -7.9825   -59.5378 
 -37.000   0.01130   0.00433   0.01210    20.982  -24.2002   **  -0.01056   0.07799   0.07870    97.715   -7.9374   **   -7.8359   -76.7326 
 -36.000   0.01264  -0.00068   0.01266    -3.094  -23.8097   **  -0.00553   0.08036   0.08055    93.933   -7.7357   **   -7.6297   -97.0271 
 -35.000   0.01404  -0.00609   0.01530   -23.455  -22.1604   **  -0.00007   0.08273   0.08273    90.047   -7.5036   **   -7.3575  -113.5025 
 -34.000   0.01550  -0.01190   0.01954   -37.514  -20.0377   **   0.00581   0.08509   0.08529    86.092   -7.2384   **   -7.0163  -123.6058 
 -33.000   0.01702  -0.01811   0.02485   -46.783  -17.9486   **   0.01212   0.08745   0.08829    82.107   -6.9385   **   -6.6073  -128.8902 
 -32.000   0.01860  -0.02474   0.03095   -53.064  -16.0441   **   0.01887   0.08980   0.09176    78.135   -6.6034   **   -6.1355  -131.1991 
 -31.000   0.02023  -0.03177   0.03767   -57.514  -14.3369   **   0.02605   0.09213   0.09575    74.215   -6.2342   **   -5.6092  -131.7288 
 -30.000   0.02192  -0.03923   0.04494   -60.802  -12.8041   **   0.03366   0.09445   0.10027    70.385   -5.8331   **   -5.0382  -131.1870 
 -29.000   0.02367  -0.04710   0.05271   -63.322  -11.4182   **   0.04171   0.09675   0.10536    66.677   -5.4034   **   -4.4331  -129.9984 
 -28.000   0.02546  -0.05539   0.06096   -65.311  -10.1551   **   0.05020   0.09902   0.11102    63.117   -4.9489   **   -3.8042  -128.4277 
 -27.000   0.02731  -0.06410   0.06967   -66.921   -8.9953   **   0.05911   0.10126   0.11725    59.725   -4.4740   **   -3.1608  -126.6453 
 -26.000   0.02921  -0.07321   0.07883   -68.251   -7.9233   **   0.06846   0.10347   0.12407    56.513   -3.9833   **   -2.5107  -124.7634 
 -25.000   0.03115  -0.08274   0.08841   -69.369   -6.9267   **   0.07822   0.10565   0.13145    53.487   -3.4812   **   -1.8606  -122.8563 
 -24.000   0.03313  -0.09267   0.09841   -70.324   -5.9957   **   0.08838   0.10779   0.13939    50.649   -2.9718   **   -1.2154  -120.9734 
 -23.000   0.03516  -0.10299   0.10882   -71.150   -5.1223   **   0.09895   0.10989   0.14787    47.996   -2.4588   **   -0.5792  -119.1462 
 -22.000   0.03722  -0.11369   0.11963   -71.871   -4.3000   **   0.10991   0.11194   0.15688    45.523   -1.9455   **    0.0452  -117.3944 
 -21.000   0.03932  -0.12476   0.13081   -72.508   -3.5236   **   0.12124   0.11394   0.16638    43.221   -1.4348   **    0.6555  -115.7294 
 -20.000   0.04144  -0.13620   0.14237   -73.075   -2.7885   **   0.13293   0.11588   0.17635    41.081   -0.9291   **    1.2503  -114.1565 
 -19.000   0.04360  -0.14798   0.15427   -73.584   -2.0910   **   0.14496   0.11778   0.18677    39.093   -0.4303   **    1.8285  -112.6771 
 -18.000   0.04577  -0.16009   0.16651   -74.044   -1.4280   **   0.15731   0.11961   0.19762    37.246    0.0599   **    2.3896  -111.2900 
 -17.000   0.04797  -0.17251   0.17906   -74.461   -0.7968   **   0.16996   0.12137   0.20885    35.531    0.5402   **    2.9332  -109.9922 
 -16.000   0.05018  -0.18523   0.19190   -74.843   -0.1950   **   0.18290   0.12307   0.22045    33.937    1.0096   **    3.4592  -108.7796 
 -15.000   0.05239  -0.19821   0.20502   -75.193    0.3793   **   0.19609   0.12470   0.23238    32.454    1.4674   **    3.9677  -107.6477 
 -14.000   0.05462  -0.21145   0.21839   -75.517    0.9279   **   0.20951   0.12626   0.24461    31.075    1.9130   **    4.4586  -106.5914 
 -13.000   0.05684  -0.22491   0.23198   -75.816    1.4524   **   0.22313   0.12774   0.25711    29.790    2.3458   **    4.9323  -105.6058 
 -12.000   0.05906  -0.23857   0.24577   -76.095    1.9541   **   0.23694   0.12914   0.26984    28.591    2.7656   **    5.3891  -104.6859 
 -11.000   0.06128  -0.25241   0.25974   -76.355    2.4342   **   0.25089   0.13045   0.28277    27.473    3.1722   **    5.8292  -103.8272 
 -10.000   0.06347  -0.26640   0.27385   -76.598    2.8938   **   0.26495   0.13168   0.29587    26.427    3.5655   **    6.2529  -103.0251 
  -9.000   0.06565  -0.28050   0.28808   -76.826    3.3338   **   0.27911   0.13282   0.30910    25.449    3.9453   **    6.6606  -102.2754 
  -8.000   0.06781  -0.29470   0.30240   -77.042    3.7551   **   0.29331   0.13387   0.32242    24.533    4.3118   **    7.0527  -101.5742 
  -7.000   0.06994  -0.30896   0.31678   -77.245    4.1584   **   0.30754   0.13483   0.33580    23.673    4.6649   **    7.4293  -100.9179 
  -6.000   0.07203  -0.32325   0.33118   -77.437    4.5445   **   0.32175   0.13569   0.34919    22.866    5.0047   **    7.7910  -100.3030 
  -5.000   0.07409  -0.33753   0.34557   -77.620    4.9141   **   0.33592   0.13645   0.36257    22.107    5.3313   **    8.1380   -99.7266 
  -4.000   0.07610  -0.35178   0.35992   -77.793    5.2675   **   0.35000   0.13711   0.37590    21.393    5.6448   **    8.4706   -99.1856 
  -3.000   0.07807  -0.36597   0.37420   -77.958    5.6055   **   0.36396   0.13767   0.38913    20.719    5.9453   **    8.7891   -98.6776 
  -2.000   0.07998  -0.38006   0.38838   -78.116    5.9285   **   0.37778   0.13813   0.40224    20.084    6.2330   **    9.0937   -98.2001 
  -1.000   0.08183  -0.39401   0.40242   -78.267    6.2370   **   0.39140   0.13848   0.41517    19.484    6.5080   **    9.3849   -97.7509 
   0.000   0.08363  -0.40780   0.41629   -78.411    6.5313   **   0.40480   0.13872   0.42791    18.917    6.7704   **    9.6628   -97.3279 
   1.000   0.08535  -0.42139   0.42995   -78.550    6.8118   **   0.41793   0.13886   0.44040    18.380    7.0203   **    9.9276   -96.9293 
   2.000   0.08701  -0.43476   0.44338   -78.683    7.0789   **   0.43078   0.13889   0.45262    17.870    7.2580   **   10.1797   -96.5533 
   3.000   0.08859  -0.44786   0.45654   -78.811    7.3329   **   0.44330   0.13881   0.46452    17.387    7.4835   **   10.4192   -96.1985 
   4.000   0.09009  -0.46067   0.46939   -78.935    7.5741   **   0.45545   0.13863   0.47608    16.929    7.6970   **   10.6463   -95.8633 
   5.000   0.09151  -0.47315   0.48192   -79.054    7.8029   **   0.46721   0.13833   0.48726    16.493    7.8986   **   10.8613   -95.5464 
   6.000   0.09285  -0.48528   0.49408   -79.169    8.0194   **   0.47855   0.13792   0.49802    16.078    8.0884   **   11.0643   -95.2465 
   7.000   0.09409  -0.49703   0.50585   -79.280    8.2239   **   0.48942   0.13741   0.50835    15.682    8.2666   **   11.2556   -94.9626 
   8.000   0.09525  -0.50836   0.51721   -79.388    8.4167   **   0.49981   0.13679   0.51819    15.306    8.4332   **   11.4353   -94.6936 
   9.000   0.09631  -0.51926   0.52811   -79.493    8.5979   **   0.50969   0.13606   0.52754    14.946    8.5885   **   11.6035   -94.4385 
  10.000   0.09727  -0.52969   0.53854   -79.594    8.7678   **   0.51903   0.13522   0.53635    14.602    8.7324   **   11.7605   -94.1963 
  11.000   0.09814  -0.53963   0.54848   -79.693    8.9266   **   0.52780   0.13428   0.54461    14.274    8.8651   **   11.9063   -93.9664 
  12.000   0.09890  -0.54906   0.55790   -79.789    9.0745   **   0.53598   0.13323   0.55229    13.959    8.9868   **   12.0411   -93.7478 
  13.000   0.09957  -0.55796   0.56677   -79.882    9.2116   **   0.54355   0.13208   0.55937    13.658    9.0974   **   12.1651   -93.5399 
  14.000   0.10013  -0.56630   0.57509   -79.973    9.3381   **   0.55049   0.13083   0.56582    13.369    9.1970   **   12.2784   -93.3419 
  15.000   0.10059  -0.57408   0.58282   -80.062    9.4541   **   0.55678   0.12948   0.57164    13.091    9.2858   **   12.3811   -93.1533 
  16.000   0.10094  -0.58126   0.58996   -80.149    9.5598   **   0.56241   0.12803   0.57680    12.825    9.3638   **   12.4732   -92.9735 
  17.000   0.10119  -0.58784   0.59649   -80.233    9.6554   **   0.56735   0.12649   0.58128    12.569    9.4312   **   12.5550   -92.8019 
  18.000   0.10133  -0.59381   0.60239   -80.316    9.7410   **   0.57161   0.12486   0.58509    12.322    9.4878   **   12.6265   -92.6380 
  19.000   0.10137  -0.59915   0.60766   -80.397    9.8167   **   0.57517   0.12314   0.58820    12.084    9.5339   **   12.6879   -92.4813 
  20.000   0.10131  -0.60385   0.61229   -80.476    9.8826   **   0.57801   0.12133   0.59061    11.855    9.5694   **   12.7391   -92.3313 
  21.000   0.10114  -0.60791   0.61627   -80.554    9.9388   **   0.58015   0.11944   0.59232    11.633    9.5945   **   12.7803   -92.1876 
  22.000   0.10087  -0.61133   0.61959   -80.630    9.9855   **   0.58157   0.11747   0.59331    11.419    9.6090   **   12.8116   -92.0498 
  23.000   0.10050  -0.61409   0.62226   -80.705   10.0228   **   0.58226   0.11542   0.59359    11.212    9.6132   **   12.8331   -91.9175 
  24.000   0.10004  -0.61619   0.62426   -80.779   10.0507   **   0.58225   0.11330   0.59317    11.011    9.6069   **   12.8448   -91.7903 
  25.000   0.09947  -0.61765   0.62560   -80.851   10.0694   **   0.58151   0.11111   0.59203    10.817    9.5903   **   12.8468   -91.6678 
  26.000   0.09882  -0.61845   0.62629   -80.922   10.0789   **   0.58007   0.10885   0.59020    10.628    9.5633   **   12.8391   -91.5497 
  27.000   0.09807  -0.61860   0.62633   -80.992   10.0794   **   0.57793   0.10653   0.58767    10.444    9.5260   **   12.8218   -91.4356 
  28.000   0.09723  -0.61811   0.62571   -81.060   10.0709   **   0.57509   0.10415   0.58445    10.265    9.4783   **   12.7950   -91.3253 
  29.000   0.09631  -0.61699   0.62446   -81.128   10.0535   **   0.57158   0.10171   0.58056    10.090    9.4203   **   12.7587   -91.2183 
  30.000   0.09530  -0.61524   0.62258   -81.195   10.0272   **   0.56739   0.09923   0.57600     9.920    9.3519   **   12.7130   -91.1145 
  31.000   0.09422  -0.61287   0.62007   -81.260    9.9922   **   0.56255   0.09669   0.57080     9.753    9.2731   **   12.6578   -91.0134 
  32.000   0.09305  -0.60990   0.61696   -81.325    9.9485   **   0.55708   0.09412   0.56497     9.590    9.1839   **   12.5933   -90.9147 
  33.000   0.09182  -0.60634   0.61325   -81.389    9.8962   **   0.55098   0.09150   0.55853     9.429    9.0843   **   12.5195   -90.8183 
  34.000   0.09051  -0.60220   0.60897   -81.452    9.8352   **   0.54429   0.08885   0.55149     9.272    8.9742   **   12.4363   -90.7237 
  35.000   0.08914  -0.59750   0.60411   -81.514    9.7658   **   0.53702   0.08617   0.54389     9.116    8.8535   **   12.3439   -90.6306 
  36.000   0.08771  -0.59226   0.59872   -81.576    9.6878   **   0.52919   0.08347   0.53573     8.963    8.7223   **   12.2421   -90.5387 
  37.000   0.08622  -0.58649   0.59279   -81.636    9.6014   **   0.52083   0.08074   0.52705     8.811    8.5804   **   12.1311   -90.4478 
  38.000   0.08468  -0.58021   0.58635   -81.696    9.5066   **   0.51196   0.07799   0.51787     8.661    8.4278   **   12.0109   -90.3575 
  39.000   0.08309  -0.57344   0.57943   -81.755    9.4033   **   0.50262   0.07522   0.50822     8.512    8.2644   **   11.8814   -90.2674 
  40.000   0.08145  -0.56620   0.57203   -81.814    9.2918   **   0.49282   0.07245   0.49812     8.363    8.0900   **   11.7426   -90.1772 
  41.000   0.07977  -0.55852   0.56418   -81.872    9.1718   **   0.48260   0.06967   0.48760     8.215    7.9046   **   11.5946   -90.0865 
  42.000   0.07805  -0.55040   0.55591   -81.929    9.0435   **   0.47198   0.06689   0.47669     8.066    7.7081   **   11.4372   -89.9950 
  43.000   0.07630  -0.54189   0.54723   -81.985    8.9068   **   0.46099   0.06411   0.46542     7.917    7.5004   **   11.2706   -89.9023 
  44.000   0.07452  -0.53299   0.53817   -82.041    8.7618   **   0.44966   0.06133   0.45382     7.767    7.2812   **   11.0946   -89.8078 
  45.000   0.07271  -0.52373   0.52875   -82.096    8.6084   **   0.43803   0.05856   0.44193     7.615    7.0504   **   10.9092   -89.7113 
  46.000   0.07088  -0.51413   0.51899   -82.151    8.4466   **   0.42612   0.05581   0.42976     7.461    6.8079   **   10.7143   -89.6121 
  47.000   0.06903  -0.50421   0.50891   -82.205    8.2763   **   0.41396   0.05307   0.41735     7.305    6.5534   **   10.5100   -89.5098 
  48.000   0.06716  -0.49400   0.49854   -82.258    8.0975   **   0.40159   0.05035   0.40474     7.146    6.2868   **   10.2961   -89.4038 
  49.000   0.06528  -0.48352   0.48790   -82.310    7.9101   **   0.38904   0.04765   0.39195     6.983    6.0079   **   10.0726   -89.2934 
  50.000   0.06340  -0.47278   0.47701   -82.362    7.7140   **   0.37633   0.04498   0.37901     6.816    5.7164   **    9.8393   -89.1781 
  51.000   0.06151  -0.46182   0.46589   -82.414    7.5091   **   0.36350   0.04234   0.36596     6.643    5.4120   **    9.5963   -89.0571 
  52.000   0.05961  -0.45064   0.45457   -82.464    7.2954   **   0.35058   0.03973   0.35283     6.465    5.0946   **    9.3432   -88.9295 
  53.000   0.05772  -0.43928   0.44306   -82.514    7.0726   **   0.33760   0.03715   0.33964     6.280    4.7637   **    9.0801   -88.7945 
  54.000   0.05583  -0.42775   0.43138   -82.563    6.8406   **   0.32459   0.03462   0.32643     6.088    4.4192   **    8.8068   -88.6512 
  55.000   0.05395  -0.41607   0.41955   -82.612    6.5991   **   0.31157   0.03212   0.31323     5.887    4.0605   **    8.5230   -88.4983 
  56.000   0.05208  -0.40426   0.40760   -82.659    6.3481   **   0.29859   0.02967   0.30006     5.675    3.6875   **    8.2287   -88.3349 
  57.000   0.05022  -0.39234   0.39554   -82.706    6.0871   **   0.28566   0.02727   0.28696     5.453    3.2997   **    7.9236   -88.1594 
  58.000   0.04837  -0.38032   0.38338   -82.753    5.8160   **   0.27281   0.02491   0.27395     5.218    2.8968   **    7.6075   -87.9704 
  59.000   0.04653  -0.36822   0.37115   -82.798    5.5343   **   0.26008   0.02261   0.26106     4.968    2.4782   **    7.2800   -87.7663 
  60.000   0.04471  -0.35605   0.35885   -82.842    5.2417   **   0.24748   0.02036   0.24832     4.703    2.0436   **    6.9409   -87.5450 
  61.000   0.04291  -0.34384   0.34651   -82.886    4.9376   **   0.23505   0.01816   0.23575     4.419    1.5925   **    6.5898   -87.3046 
  62.000   0.04113  -0.33159   0.33413   -82.929    4.6217   **   0.22281   0.01603   0.22339     4.114    1.1245   **    6.2263   -87.0425 
  63.000   0.03937  -0.31932   0.32173   -82.970    4.2933   **   0.21078   0.01395   0.21124     3.786    0.6390   **    5.8500   -86.7561 
  64.000   0.03764  -0.30703   0.30933   -83.011    3.9518   **   0.19899   0.01193   0.19935     3.431    0.1356   **    5.4603   -86.4423 
  65.000   0.03592  -0.29474   0.29692   -83.051    3.5963   **   0.18746   0.00998   0.18772     3.047   -0.3863   **    5.0567   -86.0975 
  66.000   0.03423  -0.28246   0.28453   -83.089    3.2259   **   0.17621   0.00809   0.17639     2.628   -0.9270   **    4.6383   -85.7178 
  67.000   0.03257  -0.27020   0.27216   -83.127    2.8397   **   0.16526   0.00627   0.16538     2.172   -1.4871   **    4.2046   -85.2987 
  68.000   0.03093  -0.25796   0.25981   -83.163    2.4365   **   0.15463   0.00451   0.15470     1.672   -2.0669   **    3.7544   -84.8350 
  69.000   0.02931  -0.24576   0.24750   -83.199    2.0148   **   0.14435   0.00283   0.14438     1.122   -2.6667   **    3.2868   -84.3208 
  70.000   0.02772  -0.23359   0.23523   -83.232    1.5731   **   0.13442   0.00121   0.13443     0.517   -3.2867   **    2.8005   -83.7497 
  71.000   0.02615  -0.22146   0.22300   -83.265    1.1095   **   0.12488  -0.00033   0.12488    -0.151   -3.9269   **    2.2941   -83.1142 
  72.000   0.02461  -0.20938   0.21082   -83.296    0.6218   **   0.11572  -0.00180   0.11574    -0.890   -4.5872   **    1.7658   -82.4060 
  73.000   0.02309  -0.19735   0.19870   -83.326    0.1073   **   0.10698  -0.00319   0.10703    -1.710   -5.2669   **    1.2136   -81.6161 
  74.000   0.02160  -0.18538   0.18663   -83.355   -0.4370   **   0.09866  -0.00452   0.09876    -2.620   -5.9650   **    0.6352   -80.7346 
  75.000   0.02012  -0.17345   0.17462   -83.382   -1.0149   **   0.09077  -0.00576   0.09095    -3.631   -6.6801   **    0.0276   -79.7512 
  76.000   0.01867  -0.16158   0.16266   -83.408   -1.6311   **   0.08334  -0.00693   0.08362    -4.752   -7.4099   **   -0.6125   -78.6553 
  77.000   0.01725  -0.14977   0.15076   -83.432   -2.2910   **   0.07636  -0.00802   0.07678    -5.995   -8.1511   **   -1.2893   -77.4370 
  78.000   0.01584  -0.13801   0.13891   -83.454   -3.0018   **   0.06987  -0.00903   0.07045    -7.366   -8.8994   **   -2.0078   -76.0881 
  79.000   0.01445  -0.12630   0.12712   -83.475   -3.7722   **   0.06385  -0.00997   0.06462    -8.871   -9.6490   **   -2.7740   -74.6037 
  80.000   0.01307  -0.11464   0.11538   -83.494   -4.6138   **   0.05832  -0.01082   0.05932   -10.510  -10.3926   **   -3.5953   -72.9843 
  81.000   0.01172  -0.10303   0.10369   -83.511   -5.5417   **   0.05330  -0.01159   0.05455   -12.272  -11.1210   **   -4.4807   -71.2390 
  82.000   0.01038  -0.09146   0.09205   -83.527   -6.5764   **   0.04879  -0.01229   0.05031   -14.138  -11.8234   **   -5.4411   -69.3888 
  83.000   0.00905  -0.07993   0.08044   -83.541   -7.7466   **   0.04479  -0.01290   0.04661   -16.071  -12.4872   **   -6.4896   -67.4701 
  84.000   0.00773  -0.06844   0.06888   -83.553   -9.0948   **   0.04131  -0.01343   0.04344   -18.016  -13.0990   **   -7.6406   -65.5370 
  85.000   0.00643  -0.05699   0.05735   -83.563  -10.6863   **   0.03836  -0.01389   0.04079   -19.901  -13.6447   **   -8.9080   -63.6622 
  86.000   0.00513  -0.04556   0.04584   -83.572  -12.6310   **   0.03594  -0.01426   0.03866   -21.637  -14.1112   **  -10.2980   -61.9344 
  87.000   0.00384  -0.03415   0.03436   -83.578  -15.1349   **   0.03405  -0.01454   0.03703   -23.127  -14.4865   **  -11.7883   -60.4507 
  88.000   0.00256  -0.02276   0.02290   -83.583  -18.6603   **   0.03270  -0.01475   0.03587   -24.276  -14.7614   **  -13.2770   -59.3069 
  89.000   0.00128  -0.01137   0.01145   -83.586  -24.6832   **   0.03189  -0.01487   0.03519   -25.002  -14.9289   **  -14.4921   -58.5840 
  90.000   0.00000  -0.00000   0.00000   -62.746  -60.0000   **   0.03162  -0.01491   0.03496   -25.250  -14.9852   **  -14.9852   -37.4959 


   --    >>-------   -------   --ER --   -------   -------<< ** >>-------   -------   --EL --   -------   -------<< ** >>-------   --------<<
 É∆(deg)   RRAD.re   RRAD.im    |RRAD|    RPHASE  RGAI(dB)   **   LRAD.re   LRAD.im    |LRAD|    LPHASE  LGAI(dB)   ** TFGAI(dB)     AR(dB)
 -90.000  -0.00251   0.00127   0.00281   153.160  -33.8614   **  -0.00251   0.00127   0.00281   153.160  -33.8614   **  -30.8511    60.0000 
 -89.000  -0.00318   0.00115   0.00338   160.049  -32.2644   **  -0.00189   0.00142   0.00237   143.207  -35.3657   **  -30.5336    15.0576 
 -88.000  -0.00390   0.00107   0.00404   164.684  -30.7121   **  -0.00133   0.00159   0.00208   129.861  -36.5000   **  -29.6955     9.8598 
 -87.000  -0.00467   0.00101   0.00478   167.771  -29.2536   **  -0.00082   0.00180   0.00198   114.428  -36.9252   **  -28.5682     7.6395 
 -86.000  -0.00550   0.00099   0.00559   169.805  -27.8986   **  -0.00035   0.00204   0.00207    99.869  -36.5418   **  -27.3422     6.7413 
 -85.000  -0.00638   0.00100   0.00646   171.119  -26.6420   **   0.00006   0.00230   0.00230    88.484  -35.6073   **  -26.1231     6.4721 
 -84.000  -0.00732   0.00104   0.00739   171.932  -25.4745   **   0.00043   0.00259   0.00263    80.609  -34.4519   **  -24.9570     6.4623 
 -83.000  -0.00830   0.00111   0.00838   172.390  -24.3863   **   0.00075   0.00291   0.00301    75.543  -33.2759   **  -23.8589     6.5343 
 -82.000  -0.00934   0.00121   0.00942   172.595  -23.3685   **   0.00103   0.00326   0.00342    72.483  -32.1615   **  -22.8299     6.6146 
 -81.000  -0.01042   0.00135   0.01051   172.616  -22.4132   **   0.00127   0.00364   0.00385    70.815  -31.1307   **  -21.8657     6.6781 
 -80.000  -0.01156   0.00152   0.01166   172.501  -21.5141   **   0.00146   0.00404   0.00430    70.113  -30.1818   **  -20.9607     6.7205 
 -79.000  -0.01274   0.00173   0.01285   172.287  -20.6657   **   0.00162   0.00447   0.00475    70.089  -29.3049   **  -20.1089     6.7448 
 -78.000  -0.01396   0.00196   0.01410   171.996  -19.8635   **   0.00174   0.00492   0.00522    70.545  -28.4890   **  -19.3050     6.7565 
 -77.000  -0.01522   0.00223   0.01539   171.649  -19.1037   **   0.00182   0.00540   0.00570    71.337  -27.7239   **  -18.5446     6.7611 
 -76.000  -0.01652   0.00254   0.01672   171.258  -18.3831   **   0.00188   0.00591   0.00620    72.365  -27.0010   **  -17.8237     6.7631 
 -75.000  -0.01786   0.00288   0.01809   170.832  -17.6991   **   0.00190   0.00643   0.00671    73.552  -26.3134   **  -17.1393     6.7662 
 -74.000  -0.01922   0.00326   0.01949   170.378  -17.0494   **   0.00189   0.00698   0.00724    74.838  -25.6557   **  -16.4886     6.7731 
 -73.000  -0.02060   0.00367   0.02093   169.901  -16.4320   **   0.00186   0.00756   0.00778    76.181  -25.0238   **  -15.8694     6.7856 
 -72.000  -0.02201   0.00412   0.02239   169.404  -15.8454   **   0.00180   0.00815   0.00835    77.545  -24.4147   **  -15.2801     6.8050 
 -71.000  -0.02343   0.00460   0.02387   168.888  -15.2881   **   0.00172   0.00877   0.00893    78.905  -23.8259   **  -14.7189     6.8323 
 -70.000  -0.02485   0.00512   0.02537   168.355  -14.7590   **   0.00162   0.00940   0.00954    80.241  -23.2560   **  -14.1848     6.8680 
 -69.000  -0.02628   0.00568   0.02688   167.805  -14.2571   **   0.00150   0.01005   0.01017    81.538  -22.7036   **  -13.6766     6.9124 
 -68.000  -0.02769   0.00627   0.02839   167.236  -13.7815   **   0.00136   0.01073   0.01081    82.784  -22.1679   **  -13.1935     6.9657 
 -67.000  -0.02910   0.00691   0.02990   166.648  -13.3316   **   0.00121   0.01142   0.01148    83.972  -21.6483   **  -12.7347     7.0281 
 -66.000  -0.03048   0.00758   0.03140   166.038  -12.9068   **   0.00104   0.01212   0.01216    85.098  -21.1443   **  -12.2996     7.0998 
 -65.000  -0.03182   0.00829   0.03288   165.405  -12.5066   **   0.00086   0.01284   0.01287    86.158  -20.6557   **  -11.8877     7.1810 
 -64.000  -0.03313   0.00903   0.03434   164.745  -12.1306   **   0.00068   0.01357   0.01359    87.150  -20.1821   **  -11.4987     7.2719 
 -63.000  -0.03438   0.00982   0.03576   164.056  -11.7786   **   0.00048   0.01432   0.01433    88.075  -19.7233   **  -11.1321     7.3730 
 -62.000  -0.03558   0.01065   0.03714   163.334  -11.4505   **   0.00028   0.01508   0.01508    88.933  -19.2791   **  -10.7877     7.4848 
 -61.000  -0.03670   0.01152   0.03846   162.574  -11.1460   **   0.00008   0.01584   0.01584    89.725  -18.8494   **  -10.4653     7.6078 
 -60.000  -0.03773   0.01243   0.03972   161.772  -10.8652   **  -0.00013   0.01662   0.01662    90.454  -18.4340   **  -10.1647     7.7429 
 -59.000  -0.03867   0.01337   0.04092   160.921  -10.6082   **  -0.00034   0.01740   0.01741    91.122  -18.0326   **   -9.8859     7.8911 
 -58.000  -0.03950   0.01436   0.04203   160.016  -10.3749   **  -0.00055   0.01819   0.01820    91.731  -17.6450   **   -9.6286     8.0534 
 -57.000  -0.04021   0.01540   0.04306   159.049  -10.1656   **  -0.00076   0.01899   0.01900    92.285  -17.2712   **   -9.3929     8.2313 
 -56.000  -0.04078   0.01647   0.04398   158.012   -9.9805   **  -0.00096   0.01978   0.01981    92.784  -16.9107   **   -9.1787     8.4263 
 -55.000  -0.04121   0.01758   0.04481   156.894   -9.8198   **  -0.00116   0.02058   0.02061    93.234  -16.5636   **   -8.9860     8.6404 
 -54.000  -0.04148   0.01874   0.04551   155.686   -9.6836   **  -0.00136   0.02138   0.02142    93.635  -16.2294   **   -8.8146     8.8756 
 -53.000  -0.04157   0.01994   0.04610   154.375   -9.5723   **  -0.00155   0.02217   0.02223    93.992  -15.9081   **   -8.6644     9.1345 
 -52.000  -0.04146   0.02118   0.04656   152.945   -9.4860   **  -0.00173   0.02297   0.02303    94.306  -15.5993   **   -8.5353     9.4199 
 -51.000  -0.04116   0.02246   0.04689   151.379   -9.4249   **  -0.00190   0.02376   0.02383    94.580  -15.3030   **   -8.4269     9.7350 
 -50.000  -0.04064   0.02378   0.04708   149.659   -9.3887   **  -0.00207   0.02454   0.02463    94.816  -15.0188   **   -8.3386    10.0835 
 -49.000  -0.03988   0.02515   0.04715   147.760   -9.3773   **  -0.00222   0.02531   0.02541    95.016  -14.7466   **   -8.2699    10.4692 
 -48.000  -0.03887   0.02656   0.04708   145.657   -9.3899   **  -0.00237   0.02608   0.02618    95.183  -14.4861   **   -8.2195    10.8962 
 -47.000  -0.03760   0.02801   0.04689   143.319   -9.4252   **  -0.00250   0.02683   0.02694    95.319  -14.2372   **   -8.1860    11.3686 
 -46.000  -0.03606   0.02950   0.04659   140.712   -9.4812   **  -0.00262   0.02757   0.02769    95.426  -13.9997   **   -8.1673    11.8899 
 -45.000  -0.03422   0.03103   0.04619   137.798   -9.5549   **  -0.00273   0.02829   0.02842    95.505  -13.7734   **   -8.1606    12.4621 
 -44.000  -0.03208   0.03260   0.04573   134.535   -9.6415   **  -0.00282   0.02900   0.02913    95.559  -13.5582   **   -8.1622    13.0840 
 -43.000  -0.02961   0.03421   0.04525   130.880   -9.7345   **  -0.00290   0.02969   0.02983    95.588  -13.3538   **   -8.1673    13.7488 
 -42.000  -0.02682   0.03586   0.04478   126.793   -9.8249   **  -0.00297   0.03036   0.03050    95.594  -13.1602   **   -8.1696    14.4401 
 -41.000  -0.02368   0.03754   0.04439   122.241   -9.9008   **  -0.00303   0.03100   0.03115    95.580  -12.9772   **   -8.1618    15.1264 
 -40.000  -0.02018   0.03927   0.04415   117.205   -9.9474   **  -0.00307   0.03163   0.03178    95.546  -12.8046   **   -8.1349    15.7561 
 -39.000  -0.01632   0.04103   0.04415   111.695   -9.9472   **  -0.00310   0.03223   0.03237    95.493  -12.6423   **   -8.0787    16.2546 
 -38.000  -0.01208   0.04282   0.04449   105.754   -9.8814   **  -0.00311   0.03280   0.03295    95.424  -12.4903   **   -7.9825    16.5326 
 -37.000  -0.00745   0.04464   0.04526    99.473   -9.7322   **  -0.00312   0.03334   0.03349    95.338  -12.3484   **   -7.8359    16.5088 
 -36.000  -0.00242   0.04650   0.04656    92.980   -9.4859   **  -0.00310   0.03386   0.03400    95.238  -12.2165   **   -7.6297    16.1428 
 -35.000   0.00301   0.04838   0.04848    86.438   -9.1356   **  -0.00308   0.03434   0.03448    95.124  -12.0945   **   -7.3575    15.4575 
 -34.000   0.00886   0.05030   0.05107    80.014   -8.6829   **  -0.00304   0.03480   0.03493    94.998  -11.9824   **   -7.0163    14.5315 
 -33.000   0.01512   0.05224   0.05438    73.859   -8.1376   **  -0.00299   0.03522   0.03534    94.861  -11.8801   **   -6.6073    13.4666 
 -32.000   0.02180   0.05420   0.05842    68.087   -7.5151   **  -0.00293   0.03560   0.03572    94.713  -11.7874   **   -6.1355    12.3564 
 -31.000   0.02891   0.05618   0.06319    62.771   -6.8340   **  -0.00286   0.03595   0.03607    94.555  -11.7045   **   -5.6092    11.2689 
 -30.000   0.03645   0.05819   0.06866    57.939   -6.1124   **  -0.00278   0.03626   0.03637    94.390  -11.6311   **   -5.0382    10.2456 
 -29.000   0.04441   0.06021   0.07481    53.589   -5.3668   **  -0.00269   0.03654   0.03664    94.217  -11.5674   **   -4.4331     9.3066 
 -28.000   0.05279   0.06224   0.08162    49.695   -4.6107   **  -0.00260   0.03678   0.03687    94.038  -11.5131   **   -3.8042     8.4578 
 -27.000   0.06161   0.06429   0.08904    46.220   -3.8546   **  -0.00249   0.03698   0.03706    93.854  -11.4685   **   -3.1608     7.6973 
 -26.000   0.07083   0.06634   0.09705    43.124   -3.1064   **  -0.00238   0.03713   0.03721    93.666  -11.4333   **   -2.5107     7.0189 
 -25.000   0.08048   0.06840   0.10562    40.362   -2.3715   **  -0.00226   0.03725   0.03732    93.475  -11.4076   **   -1.8606     6.4146 
 -24.000   0.09053   0.07046   0.11472    37.896   -1.6538   **  -0.00214   0.03733   0.03739    93.282  -11.3915   **   -1.2154     5.8762 
 -23.000   0.10097   0.07252   0.12432    35.688   -0.9558   **  -0.00202   0.03736   0.03742    93.088  -11.3849   **   -0.5792     5.3957 
 -22.000   0.11180   0.07458   0.13439    33.706   -0.2788   **  -0.00189   0.03736   0.03740    92.895  -11.3878   **    0.0452     4.9660 
 -21.000   0.12300   0.07663   0.14492    31.922    0.3762   **  -0.00176   0.03731   0.03735    92.704  -11.4003   **    0.6555     4.5806 
 -20.000   0.13456   0.07866   0.15587    30.310    1.0090   **  -0.00164   0.03722   0.03726    92.516  -11.4224   **    1.2503     4.2340 
 -19.000   0.14647   0.08069   0.16722    28.849    1.6196   **  -0.00151   0.03709   0.03712    92.333  -11.4542   **    1.8285     3.9214 
 -18.000   0.15870   0.08269   0.17895    27.521    2.2084   **  -0.00139   0.03692   0.03694    92.156  -11.4958   **    2.3896     3.6385 
 -17.000   0.17124   0.08467   0.19103    26.310    2.7756   **  -0.00127   0.03670   0.03672    91.987  -11.5471   **    2.9332     3.3818 
 -16.000   0.18406   0.08662   0.20343    25.203    3.3219   **  -0.00116   0.03645   0.03647    91.829  -11.6083   **    3.4592     3.1481 
 -15.000   0.19715   0.08855   0.21612    24.187    3.8477   **  -0.00106   0.03615   0.03617    91.682  -11.6794   **    3.9677     2.9349 
 -14.000   0.21048   0.09044   0.22909    23.252    4.3536   **  -0.00097   0.03582   0.03583    91.549  -11.7607   **    4.4586     2.7397 
 -13.000   0.22402   0.09229   0.24229    22.390    4.8403   **  -0.00089   0.03545   0.03546    91.433  -11.8520   **    4.9323     2.5607 
 -12.000   0.23775   0.09410   0.25570    21.593    5.3083   **  -0.00082   0.03504   0.03505    91.336  -11.9537   **    5.3891     2.3960 
 -11.000   0.25165   0.09586   0.26929    20.854    5.7581   **  -0.00076   0.03459   0.03460    91.262  -12.0658   **    5.8292     2.2442 
 -10.000   0.26568   0.09758   0.28303    20.167    6.1903   **  -0.00072   0.03410   0.03411    91.212  -12.1885   **    6.2529     2.1039 
  -9.000   0.27980   0.09924   0.29688    19.528    6.6054   **  -0.00070   0.03358   0.03359    91.192  -12.3219   **    6.6606     1.9740 
  -8.000   0.29401   0.10084   0.31082    18.931    7.0039   **  -0.00069   0.03303   0.03304    91.204  -12.4662   **    7.0527     1.8535 
  -7.000   0.30825   0.10238   0.32481    18.374    7.3862   **  -0.00071   0.03244   0.03245    91.253  -12.6215   **    7.4293     1.7414 
  -6.000   0.32250   0.10386   0.33881    17.851    7.7528   **  -0.00075   0.03183   0.03184    91.344  -12.7880   **    7.7910     1.6371 
  -5.000   0.33672   0.10527   0.35280    17.361    8.1042   **  -0.00081   0.03118   0.03119    91.482  -12.9659   **    8.1380     1.5398 
  -4.000   0.35089   0.10661   0.36673    16.900    8.4406   **  -0.00089   0.03050   0.03052    91.674  -13.1554   **    8.4706     1.4489 
  -3.000   0.36497   0.10787   0.38057    16.466    8.7625   **  -0.00100   0.02980   0.02982    91.926  -13.3566   **    8.7891     1.3639 
  -2.000   0.37892   0.10905   0.39430    16.056    9.0702   **  -0.00114   0.02907   0.02910    92.245  -13.5695   **    9.0937     1.2842 
  -1.000   0.39270   0.11016   0.40786    15.669    9.3640   **  -0.00131   0.02832   0.02835    92.641  -13.7945   **    9.3849     1.2096 
   0.000   0.40630   0.11118   0.42123    15.303    9.6442   **  -0.00150   0.02755   0.02759    93.122  -14.0313   **    9.6628     1.1394 
   1.000   0.41966   0.11211   0.43438    14.957    9.9111   **  -0.00173   0.02675   0.02681    93.699  -14.2801   **    9.9276     1.0736 
   2.000   0.43277   0.11295   0.44726    14.628   10.1650   **  -0.00199   0.02594   0.02602    94.384  -14.5407   **   10.1797     1.0117 
   3.000   0.44558   0.11370   0.45986    14.315   10.4061   **  -0.00228   0.02511   0.02522    95.191  -14.8128   **   10.4192     0.9535 
   4.000   0.45806   0.11436   0.47212    14.018   10.6347   **  -0.00261   0.02427   0.02441    96.134  -15.0959   **   10.6463     0.8989 
   5.000   0.47018   0.11492   0.48402    13.735   10.8510   **  -0.00297   0.02341   0.02360    97.230  -15.3893   **   10.8613     0.8476 
   6.000   0.48191   0.11538   0.49553    13.465   11.0551   **  -0.00337   0.02254   0.02279    98.497  -15.6918   **   11.0643     0.7995 
   7.000   0.49322   0.11575   0.50662    13.207   11.2474   **  -0.00380   0.02166   0.02199    99.955  -16.0020   **   11.2556     0.7545 
   8.000   0.50409   0.11602   0.51727    12.961   11.4280   **  -0.00427   0.02077   0.02120   101.625  -16.3178   **   11.4353     0.7125 
   9.000   0.51447   0.11618   0.52743    12.725   11.5970   **  -0.00478   0.01987   0.02044   103.529  -16.6362   **   11.6035     0.6736 
  10.000   0.52436   0.11625   0.53709    12.500   11.7546   **  -0.00533   0.01897   0.01971   105.689  -16.9537   **   11.7605     0.6377 
  11.000   0.53371   0.11621   0.54622    12.283   11.9010   **  -0.00592   0.01807   0.01901   108.127  -17.2656   **   11.9063     0.6049 
  12.000   0.54252   0.11607   0.55480    12.076   12.0364   **  -0.00654   0.01716   0.01837   110.860  -17.5658   **   12.0411     0.5753 
  13.000   0.55075   0.11582   0.56280    11.876   12.1608   **  -0.00720   0.01626   0.01778   113.899  -17.8475   **   12.1651     0.5490 
  14.000   0.55840   0.11548   0.57021    11.684   12.2744   **  -0.00791   0.01535   0.01727   117.250  -18.1023   **   12.2784     0.5262 
  15.000   0.56543   0.11503   0.57701    11.499   12.3774   **  -0.00865   0.01445   0.01684   120.901  -18.3210   **   12.3811     0.5070 
  16.000   0.57183   0.11449   0.58318    11.321   12.4698   **  -0.00943   0.01355   0.01650   124.830  -18.4944   **   12.4732     0.4918 
  17.000   0.57760   0.11384   0.58871    11.150   12.5517   **  -0.01024   0.01265   0.01628   128.993  -18.6132   **   12.5550     0.4805 
  18.000   0.58271   0.11310   0.59358    10.984   12.6233   **  -0.01110   0.01177   0.01617   133.331  -18.6698   **   12.6265     0.4735 
  19.000   0.58716   0.11225   0.59779    10.823   12.6847   **  -0.01199   0.01088   0.01619   137.769  -18.6589   **   12.6879     0.4707 
  20.000   0.59093   0.11132   0.60133    10.668   12.7359   **  -0.01292   0.01001   0.01635   142.223  -18.5785   **   12.7391     0.4723 
  21.000   0.59403   0.11029   0.60418    10.518   12.7771   **  -0.01388   0.00915   0.01663   146.609  -18.4300   **   12.7803     0.4782 
  22.000   0.59645   0.10917   0.60635    10.372   12.8082   **  -0.01488   0.00830   0.01704   150.851  -18.2179   **   12.8116     0.4883 
  23.000   0.59818   0.10796   0.60784    10.231   12.8295   **  -0.01591   0.00746   0.01757   154.883  -17.9496   **   12.8331     0.5024 
  24.000   0.59922   0.10667   0.60864    10.093   12.8409   **  -0.01697   0.00663   0.01822   158.660  -17.6341   **   12.8448     0.5203 
  25.000   0.59958   0.10529   0.60875     9.960   12.8425   **  -0.01807   0.00582   0.01898   162.153  -17.2807   **   12.8468     0.5418 
  26.000   0.59926   0.10383   0.60819     9.830   12.8345   **  -0.01919   0.00502   0.01983   165.350  -16.8989   **   12.8391     0.5667 
  27.000   0.59827   0.10230   0.60695     9.703   12.8167   **  -0.02034   0.00423   0.02077   168.251  -16.4972   **   12.8218     0.5947 
  28.000   0.59660   0.10069   0.60504     9.580   12.7894   **  -0.02151   0.00346   0.02179   170.866  -16.0830   **   12.7950     0.6258 
  29.000   0.59428   0.09901   0.60247     9.459   12.7525   **  -0.02271   0.00270   0.02287   173.213  -15.6625   **   12.7587     0.6596 
  30.000   0.59131   0.09726   0.59926     9.341   12.7060   **  -0.02392   0.00196   0.02400   175.310  -15.2407   **   12.7130     0.6962 
  31.000   0.58771   0.09545   0.59541     9.225   12.6501   **  -0.02516   0.00124   0.02519   177.181  -14.8216   **   12.6578     0.7354 
  32.000   0.58349   0.09359   0.59095     9.112   12.5847   **  -0.02641   0.00053   0.02642   178.846  -14.4083   **   12.5933     0.7771 
  33.000   0.57866   0.09166   0.58587     9.001   12.5098   **  -0.02768  -0.00016   0.02768  -179.673  -14.0031   **   12.5195     0.8213 
  34.000   0.57324   0.08968   0.58022     8.892   12.4255   **  -0.02896  -0.00083   0.02897  -178.357  -13.6077   **   12.4363     0.8681 
  35.000   0.56726   0.08766   0.57399     8.784   12.3318   **  -0.03024  -0.00149   0.03028  -177.187  -13.2234   **   12.3439     0.9173 
  36.000   0.56072   0.08559   0.56722     8.679   12.2287   **  -0.03153  -0.00212   0.03161  -176.146  -12.8510   **   12.2421     0.9690 
  37.000   0.55366   0.08348   0.55992     8.574   12.1161   **  -0.03283  -0.00274   0.03294  -175.221  -12.4912   **   12.1311     1.0232 
  38.000   0.54608   0.08133   0.55211     8.471   11.9942   **  -0.03412  -0.00335   0.03428  -174.397  -12.1443   **   12.0109     1.0801 
  39.000   0.53803   0.07916   0.54382     8.370   11.8628   **  -0.03541  -0.00393   0.03563  -173.663  -11.8107   **   11.8814     1.1397 
  40.000   0.52951   0.07695   0.53507     8.269   11.7219   **  -0.03669  -0.00450   0.03697  -173.008  -11.4904   **   11.7426     1.2020 
  41.000   0.52056   0.07472   0.52589     8.168   11.5716   **  -0.03796  -0.00505   0.03829  -172.423  -11.1836   **   11.5946     1.2672 
  42.000   0.51119   0.07247   0.51630     8.069   11.4118   **  -0.03921  -0.00558   0.03961  -171.899  -10.8903   **   11.4372     1.3354 
  43.000   0.50144   0.07020   0.50633     7.970   11.2423   **  -0.04045  -0.00610   0.04091  -171.429  -10.6104   **   11.2706     1.4066 
  44.000   0.49132   0.06792   0.49600     7.871   11.0633   **  -0.04166  -0.00659   0.04218  -171.007  -10.3439   **   11.0946     1.4809 
  45.000   0.48088   0.06564   0.48534     7.772   10.8745   **  -0.04285  -0.00707   0.04343  -170.627  -10.0907   **   10.9092     1.5586 
  46.000   0.47012   0.06334   0.47437     7.674   10.6760   **  -0.04400  -0.00753   0.04464  -170.283   -9.8510   **   10.7143     1.6398 
  47.000   0.45909   0.06105   0.46313     7.574   10.4677   **  -0.04512  -0.00798   0.04582  -169.972   -9.6245   **   10.5100     1.7245 
  48.000   0.44780   0.05875   0.45163     7.475   10.2494   **  -0.04620  -0.00841   0.04696  -169.688   -9.4114   **   10.2961     1.8129 
  49.000   0.43628   0.05647   0.43992     7.375   10.0211   **  -0.04724  -0.00882   0.04805  -169.428   -9.2117   **   10.0726     1.9052 
  50.000   0.42456   0.05419   0.42800     7.274    9.7826   **  -0.04822  -0.00921   0.04910  -169.188   -9.0254   **    9.8393     2.0015 
  51.000   0.41266   0.05192   0.41591     7.172    9.5337   **  -0.04916  -0.00958   0.05008  -168.967   -8.8526   **    9.5963     2.1020 
  52.000   0.40061   0.04967   0.40368     7.068    9.2744   **  -0.05003  -0.00994   0.05101  -168.759   -8.6934   **    9.3432     2.2069 
  53.000   0.38844   0.04744   0.39133     6.963    9.0045   **  -0.05084  -0.01028   0.05187  -168.565   -8.5480   **    9.0801     2.3162 
  54.000   0.37617   0.04523   0.37888     6.856    8.7237   **  -0.05158  -0.01061   0.05266  -168.379   -8.4166   **    8.8068     2.4302 
  55.000   0.36382   0.04304   0.36636     6.746    8.4318   **  -0.05225  -0.01091   0.05338  -168.202   -8.2994   **    8.5230     2.5491 
  56.000   0.35142   0.04088   0.35379     6.635    8.1287   **  -0.05284  -0.01120   0.05401  -168.030   -8.1968   **    8.2287     2.6729 
  57.000   0.33900   0.03874   0.34120     6.520    7.8140   **  -0.05334  -0.01147   0.05456  -167.861   -8.1090   **    7.9236     2.8018 
  58.000   0.32656   0.03664   0.32861     6.402    7.4874   **  -0.05375  -0.01173   0.05502  -167.694   -8.0365   **    7.6075     2.9360 
  59.000   0.31415   0.03457   0.31604     6.280    7.1487   **  -0.05407  -0.01196   0.05538  -167.526   -7.9798   **    7.2800     3.0756 
  60.000   0.30177   0.03254   0.30352     6.154    6.7974   **  -0.05429  -0.01218   0.05563  -167.357   -7.9395   **    6.9409     3.2206 
  61.000   0.28945   0.03054   0.29105     6.023    6.4331   **  -0.05439  -0.01238   0.05578  -167.183   -7.9161   **    6.5898     3.3712 
  62.000   0.27720   0.02858   0.27867     5.886    6.0555   **  -0.05439  -0.01255   0.05582  -167.003   -7.9105   **    6.2263     3.5274 
  63.000   0.26505   0.02666   0.26639     5.744    5.6639   **  -0.05427  -0.01271   0.05574  -166.815   -7.9235   **    5.8500     3.6892 
  64.000   0.25301   0.02478   0.25422     5.595    5.2579   **  -0.05402  -0.01285   0.05553  -166.616   -7.9561   **    5.4603     3.8566 
  65.000   0.24110   0.02295   0.24219     5.438    4.8368   **  -0.05364  -0.01297   0.05519  -166.404   -8.0093   **    5.0567     4.0293 
  66.000   0.22933   0.02116   0.23031     5.272    4.3999   **  -0.05313  -0.01307   0.05471  -166.176   -8.0846   **    4.6383     4.2072 
  67.000   0.21773   0.01942   0.21859     5.096    3.9464   **  -0.05247  -0.01315   0.05409  -165.930   -8.1834   **    4.2046     4.3900 
  68.000   0.20630   0.01772   0.20706     4.909    3.4755   **  -0.05166  -0.01321   0.05333  -165.660   -8.3075   **    3.7544     4.5770 
  69.000   0.19505   0.01607   0.19571     4.710    2.9861   **  -0.05070  -0.01324   0.05240  -165.364   -8.4590   **    3.2868     4.7677 
  70.000   0.18401   0.01447   0.18457     4.495    2.4771   **  -0.04958  -0.01325   0.05132  -165.035   -8.6402   **    2.8005     4.9610 
  71.000   0.17317   0.01291   0.17365     4.264    1.9472   **  -0.04829  -0.01324   0.05007  -164.668   -8.8539   **    2.2941     5.1556 
  72.000   0.16255   0.01141   0.16295     4.014    1.3949   **  -0.04683  -0.01320   0.04866  -164.253   -9.1036   **    1.7658     5.3500 
  73.000   0.15217   0.00995   0.15249     3.741    0.8185   **  -0.04519  -0.01314   0.04706  -163.783   -9.3932   **    1.2136     5.5418 
  74.000   0.14202   0.00854   0.14227     3.442    0.2161   **  -0.04336  -0.01306   0.04528  -163.243   -9.7277   **    0.6352     5.7281 
  75.000   0.13211   0.00718   0.13231     3.112   -0.4146   **  -0.04134  -0.01294   0.04332  -162.616  -10.1128   **    0.0276     5.9051 
  76.000   0.12246   0.00587   0.12260     2.746   -1.0764   **  -0.03912  -0.01280   0.04116  -161.882  -10.5560   **   -0.6125     6.0680 
  77.000   0.11307   0.00461   0.11316     2.336   -1.7724   **  -0.03670  -0.01263   0.03881  -161.007  -11.0664   **   -1.2893     6.2103 
  78.000   0.10394   0.00340   0.10399     1.875   -2.5063   **  -0.03407  -0.01243   0.03627  -159.951  -11.6557   **   -2.0078     6.3240 
  79.000   0.09507   0.00224   0.09510     1.350   -3.2827   **  -0.03122  -0.01221   0.03353  -158.649  -12.3388   **   -2.7740     6.3985 
  80.000   0.08648   0.00113   0.08649     0.747   -4.1071   **  -0.02816  -0.01195   0.03059  -157.009  -13.1356   **   -3.5953     6.4207 
  81.000   0.07816   0.00006   0.07816     0.045   -4.9861   **  -0.02486  -0.01166   0.02746  -154.882  -14.0724   **   -4.4807     6.3743 
  82.000   0.07012  -0.00096   0.07013    -0.781   -5.9282   **  -0.02134  -0.01133   0.02416  -152.025  -15.1844   **   -5.4411     6.2397 
  83.000   0.06236  -0.00193   0.06239    -1.769   -6.9439   **  -0.01757  -0.01098   0.02072  -148.012  -16.5187   **   -6.4896     5.9964 
  84.000   0.05488  -0.00285   0.05495    -2.973   -8.0468   **  -0.01357  -0.01058   0.01721  -142.040  -18.1318   **   -7.6406     5.6290 
  85.000   0.04767  -0.00373   0.04782    -4.472   -9.2546   **  -0.00931  -0.01016   0.01378  -132.520  -20.0603   **   -8.9080     5.1527 
  86.000   0.04075  -0.00456   0.04100    -6.387  -10.5905   **  -0.00481  -0.00969   0.01082  -116.387  -22.1605   **  -10.2980     4.6962 
  87.000   0.03410  -0.00535   0.03452    -8.917  -12.0860   **  -0.00005  -0.00919   0.00919   -90.302  -23.5769   **  -11.7883     4.7413 
  88.000   0.02773  -0.00609   0.02839   -12.396  -13.7831   **   0.00497  -0.00865   0.00998   -60.118  -22.8630   **  -13.2770     6.3793 
  89.000   0.02163  -0.00680   0.02267   -17.442  -15.7354   **   0.01026  -0.00808   0.01305   -38.211  -20.5309   **  -14.4921    11.3969 
  90.000   0.01581  -0.00746   0.01748   -25.250  -17.9955   **   0.01581  -0.00746   0.01748   -25.250  -17.9955   **  -14.9852    60.0000 




